
=== FIXED-EPOCH PAIRNORM EFFECTS ===
 epoch  num_layers                        metric  baseline_mean  pairnorm_mean  pairnorm_to_baseline_ratio  mean_difference     ci95_low    ci95_high  positive_pairs  negative_pairs  exact_sign_flip_holm_pvalue      cohen_dz
   400           4 mean_pairwise_cosine_distance   0.3528089225   0.9926301897                2.8135064798     0.6398212671 0.6259139572 0.6537285770              10               0                 0.0078125000 32.9107904477
   400           4     mean_edge_cosine_distance   0.1165237114   0.4389622420                3.7671495080     0.3224385306 0.3134218974 0.3314551639              10               0                 0.0078125000 25.5814585805
   400           4   normalized_dirichlet_energy   0.3204382551   0.8638820331                2.6959391375     0.5434437780 0.5236493135 0.5632382425              10               0                 0.0078125000 19.6396451726
   400           4          effective_rank_ratio   0.0252845842   0.1622976333                6.4188373341     0.1370130491 0.1343626345 0.1396634636              10               0                 0.0078125000 36.9803395909
   400           8 mean_pairwise_cosine_distance   0.6888847411   0.9867302537                1.4323589925     0.2978455126 0.2790310131 0.3166600121              10               0                 0.0078125000 11.3245555240
   400           8     mean_edge_cosine_distance   0.0693087220   0.4258877367                6.1447928092     0.3565790147 0.3444722784 0.3686857509              10               0                 0.0078125000 21.0693663614
   400           8   normalized_dirichlet_energy   0.0888585449   0.8867276981                9.9790931608     0.7978691531 0.7529077492 0.8428305570              10               0                 0.0078125000 12.6944703541
   400           8          effective_rank_ratio   0.0201826615   0.0840424173                4.1640899120     0.0638597557 0.0614414925 0.0662780190              10               0                 0.0078125000 18.8906303114
   600           4 mean_pairwise_cosine_distance   0.4001924455   0.9920784831                2.4790035250     0.5918860376 0.5768259757 0.6069460995              10               0                 0.0078125000 28.1147426001
   600           4     mean_edge_cosine_distance   0.1883472592   0.4747816801                2.5207782806     0.2864344209 0.2735979842 0.2992708577              10               0                 0.0078125000 15.9625949921
   600           4   normalized_dirichlet_energy   0.5381077918   0.9143513129                1.6991973111     0.3762435211 0.3446967164 0.4077903259              10               0                 0.0078125000  8.5317167077
   600           4          effective_rank_ratio   0.0245007463   0.1626356795                6.6379888059     0.1381349333 0.1359428860 0.1403269805              10               0                 0.0078125000 45.0792193759
   600           8 mean_pairwise_cosine_distance   0.7559566796   0.9888364077                1.3080596208     0.2328797281 0.1999481834 0.2658112728              10               0                 0.0078125000  5.0587399818
   600           8     mean_edge_cosine_distance   0.1834463462   0.4798931658                2.6159865034     0.2964468196 0.2839687190 0.3089249202              10               0                 0.0078125000 16.9949968438
   600           8   normalized_dirichlet_energy   0.2717476480   1.0010102167                3.6836021365     0.7292625687 0.6933805663 0.7651445711              10               0                 0.0078125000 14.5388490087
   600           8          effective_rank_ratio   0.0241046688   0.0888129257                3.6844698658     0.0647082569 0.0619810292 0.0674354846              10               0                 0.0078125000 16.9730965445
   800           4 mean_pairwise_cosine_distance   0.4266492069   0.9931302667                2.3277443170     0.5664810598 0.5533835743 0.5795785453              10               0                 0.0078125000 30.9399951104
   800           4     mean_edge_cosine_distance   0.2227911592   0.4879627109                2.1902247500     0.2651715517 0.2564580419 0.2738850616              10               0                 0.0078125000 21.7699071965
   800           4   normalized_dirichlet_energy   0.6391586796   0.9163324720                1.4336541162     0.2771737923 0.2620082263 0.2923393584              10               0                 0.0078125000 13.0742358250
   800           4          effective_rank_ratio   0.0241834741   0.1593132019                6.5876888155     0.1351297278 0.1324037487 0.1378557069              10               0                 0.0078125000 35.4610140183
   800           8 mean_pairwise_cosine_distance   0.7827714324   0.9898889422                1.2645951312     0.2071175098 0.1839704374 0.2302645822              10               0                 0.0078125000  6.4009365171
   800           8     mean_edge_cosine_distance   0.2680605650   0.5080618173                1.8953247274     0.2400012523 0.2179705506 0.2620319539              10               0                 0.0078125000  7.7930587941
   800           8   normalized_dirichlet_energy   0.4499728843   1.0376611907                2.3060527134     0.5876883064 0.5192543972 0.6561222157              10               0                 0.0078125000  6.1432540264
   800           8          effective_rank_ratio   0.0253804706   0.0920529723                3.6269214135     0.0666725017 0.0638743421 0.0694706613              10               0                 0.0078125000 17.0450013715

=== SIGN CONSISTENCY ===
                                          epochs_tested  ...  maximum_holm_pvalue
num_layers metric                                        ...                     
4          effective_rank_ratio                       3  ...             0.007812
           mean_edge_cosine_distance                  3  ...             0.007812
           mean_pairwise_cosine_distance              3  ...             0.007812
           normalized_dirichlet_energy                3  ...             0.007812
8          effective_rank_ratio                       3  ...             0.007812
           mean_edge_cosine_distance                  3  ...             0.007812
           mean_pairwise_cosine_distance              3  ...             0.007812
           normalized_dirichlet_energy                3  ...             0.007812

[8 rows x 3 columns]

Saved: runs/amazon_ratings_matched_lr_oversmoothing_800ep/amazon_ratings_oversmoothing_fixed_epoch_effects.csv
