dataset,model,seed,split_idx,num_layers,hidden_channels,epoch,layer_index,layer_name,num_nodes_used,num_labeled_nodes_used,num_classes_used,within_class_cosine_distance,between_class_cosine_distance,class_separation_margin,class_centroid_cosine_distance,fisher_discriminant_ratio,class_metric_scope,mean_pairwise_cosine_distance,mean_edge_cosine_distance,dirichlet_energy,normalized_dirichlet_energy,embedding_dim,effective_rank,effective_rank_ratio,mean_embedding_norm,mean_feature_variance,gradient_norm
RW-PubMed-H0.1-LOW-LRSENS-G5-LR0p001,GraphSAGEPairNorm,65,0,8,128,0,1,convs.0,2048,2048,3,0.2016821652650833,0.20681771636009216,0.00513555109500885,0.006718754768371582,0.017277730628848076,test,0.20818835496902466,0.15774361789226532,0.03137393668293953,0.31077192859713243,128,121.35381317138672,0.9480766654014587,0.3170912265777588,0.00016761782171670347,
RW-PubMed-H0.1-LOW-LRSENS-G5-LR0p001,GraphSAGEPairNorm,65,0,8,128,0,2,pns.0,2048,2048,3,0.9823369979858398,1.0078997611999512,0.025562763214111328,1.443173885345459,0.016431447118520737,test,0.9998985528945923,0.9428893327713013,1.4616267681121826,1.462307839003442,128,121.27999877929688,0.9474999904632568,0.969175398349762,0.007808860391378403,
RW-PubMed-H0.1-LOW-LRSENS-G5-LR0p001,GraphSAGEPairNorm,65,0,8,128,0,3,convs.1,2048,2048,3,0.2744777500629425,0.27919647097587585,0.00471872091293335,0.007006943225860596,0.011759336106479168,test,0.27386265993118286,0.2006729245185852,0.2119036316871643,0.37624560510071836,128,112.48397064208984,0.8787810206413269,0.7448647022247314,0.0013046470703557134,
RW-PubMed-H0.1-LOW-LRSENS-G5-LR0p001,GraphSAGEPairNorm,65,0,8,128,0,4,pns.1,2048,2048,3,0.98734450340271,1.0043349266052246,0.01699042320251465,1.3052408695220947,0.01094027142971754,test,0.9985503554344177,0.9291186928749084,1.2688473463058472,1.2689232825622376,128,112.48729705810547,0.878807008266449,0.9626023769378662,0.007812032476067543,
RW-PubMed-H0.1-LOW-LRSENS-G5-LR0p001,GraphSAGEPairNorm,65,0,8,128,0,5,convs.2,2048,2048,3,0.2990339398384094,0.3025937080383301,0.0035597681999206543,0.0055942535400390625,0.008367292582988739,test,0.30270254611968994,0.19736126065254211,0.1875249296426773,0.3688502559849503,128,109.49991607666016,0.8554680943489075,0.707502007484436,0.0012714574113488197,
RW-PubMed-H0.1-LOW-LRSENS-G5-LR0p001,GraphSAGEPairNorm,65,0,8,128,0,6,pns.2,2048,2048,3,0.9881101250648499,1.001491665840149,0.013381540775299072,1.1078786849975586,0.008111406117677689,test,0.9974506497383118,0.9081264138221741,1.152180552482605,1.1522512923974495,128,109.58375549316406,0.8561230897903442,0.954465389251709,0.007812019903212786,
RW-PubMed-H0.1-LOW-LRSENS-G5-LR0p001,GraphSAGEPairNorm,65,0,8,128,0,7,convs.3,2048,2048,3,0.24652937054634094,0.24896658957004547,0.002437219023704529,0.0037050247192382812,0.00721921818330884,test,0.248559832572937,0.15906044840812683,0.18195833265781403,0.2980679628182764,128,108.06877899169922,0.8442873358726501,0.7748487591743469,0.0012891843216493726,
RW-PubMed-H0.1-LOW-LRSENS-G5-LR0p001,GraphSAGEPairNorm,65,0,8,128,0,8,pns.3,2048,2048,3,0.9880892038345337,0.9991711974143982,0.011081993579864502,0.9302938580513,0.00713638449087739,test,0.9944870471954346,0.8941717743873596,1.1026067733764648,1.1026737466184977,128,107.84752655029297,0.8425588011741638,0.9465020298957825,0.007812026422470808,
RW-PubMed-H0.1-LOW-LRSENS-G5-LR0p001,GraphSAGEPairNorm,65,0,8,128,0,9,convs.4,2048,2048,3,0.24436801671981812,0.2461676150560379,0.0017995983362197876,0.002811253070831299,0.0055288709700107574,test,0.24622994661331177,0.15468646585941315,0.1670287400484085,0.28987295779776273,128,107.32589721679688,0.8384835720062256,0.751865029335022,0.0012273608008399606,
RW-PubMed-H0.1-LOW-LRSENS-G5-LR0p001,GraphSAGEPairNorm,65,0,8,128,0,10,pns.4,2048,2048,3,0.9915603995323181,0.9981215596199036,0.006561160087585449,0.790619969367981,0.004518154077231884,test,0.9955452084541321,0.89013671875,1.0631176233291626,1.0631853033246965,128,107.39521026611328,0.83902508020401,0.9414303302764893,0.007812002673745155,
RW-PubMed-H0.1-LOW-LRSENS-G5-LR0p001,GraphSAGEPairNorm,65,0,8,128,0,11,convs.5,2048,2048,3,0.25872766971588135,0.26040634512901306,0.0016786754131317139,0.002706170082092285,0.005037314724177122,test,0.2582087516784668,0.16567987203598022,0.17137034237384796,0.307051762223686,128,106.5579833984375,0.832484245300293,0.7377673387527466,0.0012779906392097473,
RW-PubMed-H0.1-LOW-LRSENS-G5-LR0p001,GraphSAGEPairNorm,65,0,8,128,0,12,pns.5,2048,2048,3,0.9894761443138123,0.9960378408432007,0.006561696529388428,0.6560242176055908,0.00444136094301939,test,0.9943720698356628,0.8769513368606567,1.0475419759750366,1.0476061041038582,128,106.6820297241211,0.833453357219696,0.9363439083099365,0.007812021765857935,
RW-PubMed-H0.1-LOW-LRSENS-G5-LR0p001,GraphSAGEPairNorm,65,0,8,128,0,13,convs.6,2048,2048,3,0.23534825444221497,0.2366236448287964,0.001275390386581421,0.0020685195922851562,0.004541581030935049,test,0.23942267894744873,0.13753679394721985,0.16481034457683563,0.26646065471605584,128,106.03469848632812,0.8283960819244385,0.7772381901741028,0.0013148627476766706,
RW-PubMed-H0.1-LOW-LRSENS-G5-LR0p001,GraphSAGEPairNorm,65,0,8,128,0,14,pns.6,2048,2048,3,0.9873586297035217,0.9947214126586914,0.007362782955169678,0.5600746870040894,0.004792362917214632,test,0.9884957075119019,0.8423357009887695,0.9791929721832275,0.9792511649973096,128,106.30858612060547,0.8305358290672302,0.9188611507415771,0.0078120362013578415,
RW-PubMed-H0.1-LOW-LRSENS-G5-LR0p001,GraphSAGEPairNorm,65,0,8,128,0,15,convs.7,2048,2048,3,0.1140131875872612,0.11419115215539932,0.00017796456813812256,0.0003478527069091797,0.00235137646086514,test,0.11418038606643677,0.05046723783016205,0.002927057910710573,0.13509794318200186,3,2.980654239654541,0.9935514132181803,0.14338693022727966,0.0011017017532140017,
RW-PubMed-H0.1-LOW-LRSENS-G5-LR0p001,GraphSAGEPairNorm,65,0,8,128,1,1,convs.0,2048,2048,3,0.21700626611709595,0.22251549363136292,0.005509227514266968,0.0072806477546691895,0.016940558329224586,test,0.21703267097473145,0.16654931008815765,0.03134164959192276,0.3279030033107516,128,121.14977264404297,0.9464825987815857,0.30847597122192383,0.00016747467452660203,0.21621782569233336
RW-PubMed-H0.1-LOW-LRSENS-G5-LR0p001,GraphSAGEPairNorm,65,0,8,128,1,2,pns.0,2048,2048,3,0.9834637641906738,1.0077614784240723,0.024297714233398438,1.4509141445159912,0.015798509120941162,test,0.9998779296875,0.9424806833267212,1.4613698720932007,1.4620516951359954,128,121.35352325439453,0.9480744004249573,0.9692021012306213,0.007808856666088104,0.21621782569233336
RW-PubMed-H0.1-LOW-LRSENS-G5-LR0p001,GraphSAGEPairNorm,65,0,8,128,1,3,convs.1,2048,2048,3,0.2786598801612854,0.2834085524082184,0.004748672246932983,0.007103562355041504,0.01158940140157938,test,0.2796235680580139,0.20420464873313904,0.21125167608261108,0.38225307911306705,128,112.70689392089844,0.880522608757019,0.737704873085022,0.0013004440115764737,0.21621782569233336
RW-PubMed-H0.1-LOW-LRSENS-G5-LR0p001,GraphSAGEPairNorm,65,0,8,128,1,4,pns.1,2048,2048,3,0.9879904985427856,1.0043123960494995,0.016321897506713867,1.3222882747650146,0.010408555157482624,test,0.9981144070625305,0.9285044074058533,1.2690314054489136,1.2691078066161086,128,112.80947875976562,0.881324052810669,0.9626710414886475,0.007812029682099819,0.21621782569233336
RW-PubMed-H0.1-LOW-LRSENS-G5-LR0p001,GraphSAGEPairNorm,65,0,8,128,1,5,convs.2,2048,2048,3,0.3028283417224884,0.3069341778755188,0.0041058361530303955,0.006393730640411377,0.009106510318815708,test,0.3021612763404846,0.20165234804153442,0.18740278482437134,0.37626251686487255,128,109.30522918701172,0.853947103023529,0.7000765800476074,0.0012702473904937506,0.21621782569233336
RW-PubMed-H0.1-LOW-LRSENS-G5-LR0p001,GraphSAGEPairNorm,65,0,8,128,1,6,pns.2,2048,2048,3,0.9891177415847778,1.001843810081482,0.012726068496704102,1.1510624885559082,0.007871236652135849,test,0.9974714517593384,0.9084492325782776,1.1525267362594604,1.1525977035419797,128,109.35225677490234,0.8543145060539246,0.9544337391853333,0.007812018971890211,0.21621782569233336
RW-PubMed-H0.1-LOW-LRSENS-G5-LR0p001,GraphSAGEPairNorm,65,0,8,128,1,7,convs.3,2048,2048,3,0.2527633607387543,0.2551127076148987,0.002349346876144409,0.0035958290100097656,0.006763768848031759,test,0.2515638470649719,0.16198499500751495,0.1815171241760254,0.302926960765297,128,107.90699005126953,0.8430233597755432,0.7674189805984497,0.0012857220135629177,0.21621782569233336
RW-PubMed-H0.1-LOW-LRSENS-G5-LR0p001,GraphSAGEPairNorm,65,0,8,128,1,8,pns.3,2048,2048,3,0.9887897372245789,0.9990835785865784,0.010293841361999512,0.9210312962532043,0.006765586789697409,test,0.9950602054595947,0.894171416759491,1.102894902229309,1.1029619587181743,128,107.82603454589844,0.8423908948898315,0.9462945461273193,0.007812024559825659,0.21621782569233336
RW-PubMed-H0.1-LOW-LRSENS-G5-LR0p001,GraphSAGEPairNorm,65,0,8,128,1,9,convs.4,2048,2048,3,0.25343388319015503,0.25539737939834595,0.001963496208190918,0.0030536651611328125,0.005758572369813919,test,0.2515219449996948,0.1583816111087799,0.16633237898349762,0.2962413963650322,128,107.56694793701172,0.840366780757904,0.7419617772102356,0.001222560415044427,0.21621782569233336
RW-PubMed-H0.1-LOW-LRSENS-G5-LR0p001,GraphSAGEPairNorm,65,0,8,128,1,10,pns.4,2048,2048,3,0.9910948872566223,0.9983903169631958,0.007295429706573486,0.8188285827636719,0.004795942921191454,test,0.9950000047683716,0.8899918794631958,1.0628420114517212,1.0629099906933317,128,107.28311920166016,0.83814936876297,0.9411665201187134,0.007812000811100006,0.21621782569233336
RW-PubMed-H0.1-LOW-LRSENS-G5-LR0p001,GraphSAGEPairNorm,65,0,8,128,1,11,convs.5,2048,2048,3,0.2672235071659088,0.2691159248352051,0.0018924176692962646,0.003036320209503174,0.005240940023213625,test,0.2650248408317566,0.16886480152606964,0.17074958980083466,0.3120395441418926,128,106.8310317993164,0.8346174359321594,0.7300698757171631,0.0012741541722789407,0.21621782569233336
RW-PubMed-H0.1-LOW-LRSENS-G5-LR0p001,GraphSAGEPairNorm,65,0,8,128,1,12,pns.5,2048,2048,3,0.9900842905044556,0.9970431923866272,0.006958901882171631,0.7322397232055664,0.004362436942756176,test,0.9920172095298767,0.8746477961540222,1.0468902587890625,1.0469543470212455,128,106.94499969482422,0.8355078101158142,0.9360541701316833,0.007812021300196648,0.21621782569233336
RW-PubMed-H0.1-LOW-LRSENS-G5-LR0p001,GraphSAGEPairNorm,65,0,8,128,1,13,convs.6,2048,2048,3,0.24381600320339203,0.24493420124053955,0.001118198037147522,0.0018912553787231445,0.0038242528680711985,test,0.24330741167068481,0.14001554250717163,0.1639091968536377,0.27088694754479953,128,105.72032165527344,0.8259400129318237,0.7682196497917175,0.0013097324408590794,0.21621782569233336
RW-PubMed-H0.1-LOW-LRSENS-G5-LR0p001,GraphSAGEPairNorm,65,0,8,128,1,14,pns.6,2048,2048,3,0.9868595004081726,0.994234025478363,0.00737452507019043,0.5635478496551514,0.004641001578420401,test,0.9867684245109558,0.839529275894165,0.9776532649993896,0.9777115411484926,128,105.74678802490234,0.8261467814445496,0.9179473519325256,0.007812034338712692,0.21621782569233336
RW-PubMed-H0.1-LOW-LRSENS-G5-LR0p001,GraphSAGEPairNorm,65,0,8,128,1,15,convs.7,2048,2048,3,0.12972578406333923,0.12981374561786652,8.796155452728271e-05,0.0003038644790649414,0.0008792175794951618,test,0.1276947259902954,0.056240495294332504,0.002976780291646719,0.1487173561412674,3,2.985604763031006,0.995201587677002,0.13774503767490387,0.0011150859063491225,0.21621782569233336
RW-PubMed-H0.1-LOW-LRSENS-G5-LR0p001,GraphSAGEPairNorm,65,0,8,128,2,1,convs.0,2048,2048,3,0.22776241600513458,0.23399275541305542,0.006230339407920837,0.008365452289581299,0.01836906187236309,test,0.228049635887146,0.17605197429656982,0.03132326900959015,0.3462546711755166,128,121.34027099609375,0.9479708671569824,0.30003559589385986,0.00016732349467929453,0.2145033333975361
RW-PubMed-H0.1-LOW-LRSENS-G5-LR0p001,GraphSAGEPairNorm,65,0,8,128,2,2,pns.0,2048,2048,3,0.9817545413970947,1.0078462362289429,0.026091694831848145,1.433719277381897,0.016987236216664314,test,0.9998301267623901,0.9425426721572876,1.4618319272994995,1.4625145764141023,128,121.39490509033203,0.948397696018219,0.9692011475563049,0.00780885387212038,0.2145033333975361
RW-PubMed-H0.1-LOW-LRSENS-G5-LR0p001,GraphSAGEPairNorm,65,0,8,128,2,3,convs.1,2048,2048,3,0.2851182818412781,0.28980910778045654,0.004690825939178467,0.007102310657501221,0.011340106837451458,test,0.28542590141296387,0.2083708941936493,0.21114559471607208,0.38945770664860707,128,112.7228012084961,0.8806468844413757,0.7304819226264954,0.0012991141993552446,0.2145033333975361
RW-PubMed-H0.1-LOW-LRSENS-G5-LR0p001,GraphSAGEPairNorm,65,0,8,128,2,4,pns.1,2048,2048,3,0.9862996935844421,1.0039316415786743,0.017631947994232178,1.2642037868499756,0.011228656396269798,test,0.9979896545410156,0.9281029105186462,1.2696925401687622,1.2697689054504395,128,112.4023666381836,0.8781434893608093,0.9626336693763733,0.007812029682099819,0.2145033333975361
RW-PubMed-H0.1-LOW-LRSENS-G5-LR0p001,GraphSAGEPairNorm,65,0,8,128,2,5,convs.2,2048,2048,3,0.30877625942230225,0.31229692697525024,0.003520667552947998,0.005695343017578125,0.007746171206235886,test,0.30602186918258667,0.2058809995651245,0.18734854459762573,0.38364198116653303,128,109.26385498046875,0.8536238670349121,0.6929817199707031,0.0012686403933912516,0.2145033333975361
RW-PubMed-H0.1-LOW-LRSENS-G5-LR0p001,GraphSAGEPairNorm,65,0,8,128,2,6,pns.2,2048,2048,3,0.9877718091011047,1.001829981803894,0.014058172702789307,1.1370582580566406,0.008493072353303432,test,0.9968872666358948,0.9088602066040039,1.1536526679992676,1.1537237046114721,128,109.36852264404297,0.8544415831565857,0.9542818069458008,0.007812018971890211,0.2145033333975361
RW-PubMed-H0.1-LOW-LRSENS-G5-LR0p001,GraphSAGEPairNorm,65,0,8,128,2,7,convs.3,2048,2048,3,0.2562963664531708,0.25866568088531494,0.002369314432144165,0.0036568641662597656,0.006509402766823769,test,0.2572394013404846,0.16533289849758148,0.1811809539794922,0.3085706617122848,128,107.64566040039062,0.8409817218780518,0.7593621015548706,0.001282940385863185,0.2145033333975361
RW-PubMed-H0.1-LOW-LRSENS-G5-LR0p001,GraphSAGEPairNorm,65,0,8,128,2,8,pns.3,2048,2048,3,0.9875816106796265,0.9997797012329102,0.012198090553283691,0.9668660759925842,0.007864119485020638,test,0.9950382113456726,0.8944706916809082,1.1032391786575317,1.1033063876109206,128,107.56346130371094,0.8403395414352417,0.9458462595939636,0.0078120240941643715,0.2145033333975361
RW-PubMed-H0.1-LOW-LRSENS-G5-LR0p001,GraphSAGEPairNorm,65,0,8,128,2,9,convs.4,2048,2048,3,0.25521692633628845,0.2574574947357178,0.0022405683994293213,0.003451824188232422,0.006199698429554701,test,0.25794488191604614,0.16201503574848175,0.16590675711631775,0.3024463630909959,128,107.51659393310547,0.8399733901023865,0.7330252528190613,0.0012190479319542646,0.2145033333975361
RW-PubMed-H0.1-LOW-LRSENS-G5-LR0p001,GraphSAGEPairNorm,65,0,8,128,2,10,pns.4,2048,2048,3,0.9909104704856873,0.9989058375358582,0.007995367050170898,0.8859776258468628,0.004905686713755131,test,0.993961751461029,0.8900032043457031,1.0631768703460693,1.0632448710052125,128,107.09441375732422,0.8366751074790955,0.9405058026313782,0.007811999414116144,0.2145033333975361
RW-PubMed-H0.1-LOW-LRSENS-G5-LR0p001,GraphSAGEPairNorm,65,0,8,128,2,11,convs.5,2048,2048,3,0.2660715878009796,0.26821666955947876,0.0021450817584991455,0.0034341812133789062,0.005597155541181564,test,0.2696443200111389,0.17266185581684113,0.17042119801044464,0.31826097327845976,128,106.57510375976562,0.832617998123169,0.7216657996177673,0.0012725875712931156,0.2145033333975361
RW-PubMed-H0.1-LOW-LRSENS-G5-LR0p001,GraphSAGEPairNorm,65,0,8,128,2,12,pns.5,2048,2048,3,0.9886093139648438,0.9960764646530151,0.007467150688171387,0.667935848236084,0.004840737674385309,test,0.9916343092918396,0.8723344802856445,1.0461628437042236,1.0462270744971474,128,106.17008972167969,0.8294538259506226,0.9351812601089478,0.007812020368874073,0.2145033333975361
RW-PubMed-H0.1-LOW-LRSENS-G5-LR0p001,GraphSAGEPairNorm,65,0,8,128,2,13,convs.6,2048,2048,3,0.2430301308631897,0.2442435771226883,0.0012134462594985962,0.0020481348037719727,0.003970969468355179,test,0.24690014123916626,0.14237092435359955,0.16352662444114685,0.2749829057892995,128,105.78279876708984,0.8264281153678894,0.7608996629714966,0.001309288083575666,0.2145033333975361
RW-PubMed-H0.1-LOW-LRSENS-G5-LR0p001,GraphSAGEPairNorm,65,0,8,128,2,14,pns.6,2048,2048,3,0.9862480163574219,0.992608904838562,0.006360888481140137,0.4711678624153137,0.004422484897077084,test,0.986504852771759,0.8335426449775696,0.9757023453712463,0.9757605052295464,128,105.60211944580078,0.8250165581703186,0.9165380001068115,0.007812033407390118,0.2145033333975361
RW-PubMed-H0.1-LOW-LRSENS-G5-LR0p001,GraphSAGEPairNorm,65,0,8,128,2,15,convs.7,2048,2048,3,0.13756686449050903,0.13806091248989105,0.000494047999382019,0.0007117390632629395,0.0037945187650620937,test,0.14854079484939575,0.06198388338088989,0.003069645259529352,0.16037937139974323,3,2.9880170822143555,0.9960056940714518,0.13483935594558716,0.0011492879129946232,0.2145033333975361
RW-PubMed-H0.1-LOW-LRSENS-G5-LR0p001,GraphSAGEPairNorm,65,0,8,128,4,1,convs.0,2048,2048,3,0.25357016921043396,0.2601546049118042,0.006584435701370239,0.00917273759841919,0.017506249248981476,test,0.2520720362663269,0.1971616894006729,0.03133632615208626,0.3867247614836384,128,121.43022155761719,0.9486736059188843,0.28381940722465515,0.0001671753852861002,0.1998744078264698
RW-PubMed-H0.1-LOW-LRSENS-G5-LR0p001,GraphSAGEPairNorm,65,0,8,128,4,2,pns.0,2048,2048,3,0.9811563491821289,1.0082228183746338,0.027066469192504883,1.4405832290649414,0.017702903598546982,test,0.9997830986976624,0.9424371719360352,1.4637364149093628,1.4644203900203825,128,121.17097473144531,0.9466482400894165,0.9692038893699646,0.007808850612491369,0.1998744078264698
RW-PubMed-H0.1-LOW-LRSENS-G5-LR0p001,GraphSAGEPairNorm,65,0,8,128,4,3,convs.1,2048,2048,3,0.2944362759590149,0.29940465092658997,0.004968374967575073,0.007630646228790283,0.011536812409758568,test,0.2996910810470581,0.2179781198501587,0.21164262294769287,0.4063232080589628,128,112.44487762451172,0.8784756064414978,0.715624213218689,0.0012972643598914146,0.1998744078264698
RW-PubMed-H0.1-LOW-LRSENS-G5-LR0p001,GraphSAGEPairNorm,65,0,8,128,4,4,pns.1,2048,2048,3,0.9864060282707214,1.0045499801635742,0.018143951892852783,1.3108989000320435,0.01154281198978424,test,0.9984390139579773,0.9286518096923828,1.27449631690979,1.2745729711131961,128,112.19481658935547,0.8765220046043396,0.9625647664070129,0.007812029682099819,0.1998744078264698
RW-PubMed-H0.1-LOW-LRSENS-G5-LR0p001,GraphSAGEPairNorm,65,0,8,128,4,5,convs.2,2048,2048,3,0.31984591484069824,0.3239864110946655,0.004140496253967285,0.006720840930938721,0.008700311183929443,test,0.3203865885734558,0.21565650403499603,0.18808521330356598,0.40072960164785015,128,109.20832824707031,0.8531900644302368,0.6788933873176575,0.0012663125526160002,0.1998744078264698
RW-PubMed-H0.1-LOW-LRSENS-G5-LR0p001,GraphSAGEPairNorm,65,0,8,128,4,6,pns.2,2048,2048,3,0.9883772134780884,1.0026684999465942,0.01429128646850586,1.1976091861724854,0.008967988193035126,test,0.9968212842941284,0.9111083745956421,1.1603178977966309,1.1603896214984353,128,109.50696563720703,0.8555231690406799,0.9540203809738159,0.007812017574906349,0.1998744078264698
RW-PubMed-H0.1-LOW-LRSENS-G5-LR0p001,GraphSAGEPairNorm,65,0,8,128,4,7,convs.3,2048,2048,3,0.2627507746219635,0.2659803330898285,0.0032295584678649902,0.004831790924072266,0.008551149629056454,test,0.2601304054260254,0.17254920303821564,0.18117140233516693,0.3207795829567047,128,107.68185424804688,0.8412644863128662,0.7440751791000366,0.0012791205663233995,0.1998744078264698
RW-PubMed-H0.1-LOW-LRSENS-G5-LR0p001,GraphSAGEPairNorm,65,0,8,128,4,8,pns.3,2048,2048,3,0.9864761829376221,0.9994521141052246,0.012975931167602539,0.9477120041847229,0.007552668917924166,test,0.9944072365760803,0.8963847756385803,1.1064751148223877,1.1065427187852117,128,107.33572387695312,0.8385603427886963,0.9451277852058411,0.00781202269718051,0.1998744078264698
RW-PubMed-H0.1-LOW-LRSENS-G5-LR0p001,GraphSAGEPairNorm,65,0,8,128,4,9,convs.4,2048,2048,3,0.2647538185119629,0.2670409083366394,0.0022870898246765137,0.0035889744758605957,0.006231070961803198,test,0.2639029026031494,0.1694318652153015,0.16563400626182556,0.31499272786999194,128,106.83775329589844,0.8346699476242065,0.7168856263160706,0.0012147142551839352,0.1998744078264698
RW-PubMed-H0.1-LOW-LRSENS-G5-LR0p001,GraphSAGEPairNorm,65,0,8,128,4,10,pns.4,2048,2048,3,0.9882968068122864,0.9985315799713135,0.0102347731590271,0.8665105104446411,0.006555701605975628,test,0.9950082302093506,0.8912870287895203,1.0652154684066772,1.065284043953864,128,106.83143615722656,0.8346205949783325,0.9393002986907959,0.007811997085809708,0.1998744078264698
RW-PubMed-H0.1-LOW-LRSENS-G5-LR0p001,GraphSAGEPairNorm,65,0,8,128,4,11,convs.5,2048,2048,3,0.2798123359680176,0.28221046924591064,0.0023981332778930664,0.0038843154907226562,0.005985260475426912,test,0.28166699409484863,0.18105199933052063,0.16993892192840576,0.3313916638509263,128,106.28410339355469,0.830344557762146,0.7052525877952576,0.0012691083829849958,0.1998744078264698
RW-PubMed-H0.1-LOW-LRSENS-G5-LR0p001,GraphSAGEPairNorm,65,0,8,128,4,12,pns.5,2048,2048,3,0.9881632328033447,0.9969220757484436,0.008758842945098877,0.7402439117431641,0.00555682647973299,test,0.9930762648582458,0.8696367144584656,1.0460621118545532,1.0461263364628886,128,105.777099609375,0.8263835906982422,0.9338937401771545,0.007812019437551498,0.1998744078264698
RW-PubMed-H0.1-LOW-LRSENS-G5-LR0p001,GraphSAGEPairNorm,65,0,8,128,4,13,convs.6,2048,2048,3,0.24600538611412048,0.24787405133247375,0.0018686652183532715,0.002866089344024658,0.005418775137513876,test,0.2512955069541931,0.14755623042583466,0.16386814415454865,0.28325614132623056,128,104.55851745605469,0.8168634176254272,0.7489901185035706,0.0013141087256371975,0.1998744078264698
RW-PubMed-H0.1-LOW-LRSENS-G5-LR0p001,GraphSAGEPairNorm,65,0,8,128,4,14,pns.6,2048,2048,3,0.9825477600097656,0.9907142519950867,0.008166491985321045,0.4454978108406067,0.00509336031973362,test,0.9858909249305725,0.8184137940406799,0.9741535782814026,0.9742115877494908,128,105.02021789550781,0.8204704523086548,0.9144605994224548,0.007812035270035267,0.1998744078264698
RW-PubMed-H0.1-LOW-LRSENS-G5-LR0p001,GraphSAGEPairNorm,65,0,8,128,4,15,convs.7,2048,2048,3,0.15508094429969788,0.15623092651367188,0.001149982213973999,0.0014476776123046875,0.008301804773509502,test,0.15123826265335083,0.06809910386800766,0.0033409656025469303,0.16987853325766622,3,2.9804301261901855,0.9934767087300619,0.13705793023109436,0.0012331705074757338,0.1998744078264698
RW-PubMed-H0.1-LOW-LRSENS-G5-LR0p001,GraphSAGEPairNorm,65,0,8,128,8,1,convs.0,2048,2048,3,0.31097719073295593,0.3200100064277649,0.00903281569480896,0.01351022720336914,0.019270924851298332,test,0.3126736283302307,0.24762067198753357,0.0314224436879158,0.48142768235228584,128,121.0824966430664,0.9459570050239563,0.254393607378006,0.00016693993529770523,0.18683747373681361
RW-PubMed-H0.1-LOW-LRSENS-G5-LR0p001,GraphSAGEPairNorm,65,0,8,128,8,2,pns.0,2048,2048,3,0.9787242412567139,1.009954810142517,0.031230568885803223,1.465604305267334,0.020221345126628876,test,0.9999221563339233,0.9433633089065552,1.4698280096054077,1.4705161465565333,128,121.1734619140625,0.9466676712036133,0.969264030456543,0.007808844558894634,0.18683747373681361
RW-PubMed-H0.1-LOW-LRSENS-G5-LR0p001,GraphSAGEPairNorm,65,0,8,128,8,3,convs.1,2048,2048,3,0.31731683015823364,0.3243604302406311,0.007043600082397461,0.010908424854278564,0.014740419574081898,test,0.322123646736145,0.23909655213356018,0.21282020211219788,0.4423883737784941,128,112.08909606933594,0.875696063041687,0.6869609355926514,0.0012919200817123055,0.18683747373681361
RW-PubMed-H0.1-LOW-LRSENS-G5-LR0p001,GraphSAGEPairNorm,65,0,8,128,8,4,pns.1,2048,2048,3,0.9830276966094971,1.0057005882263184,0.02267289161682129,1.310973048210144,0.014567052014172077,test,0.9983474016189575,0.9330534934997559,1.2868884801864624,1.2869663399955686,128,112.29822540283203,0.8773298859596252,0.9625959396362305,0.007812026888132095,0.18683747373681361
RW-PubMed-H0.1-LOW-LRSENS-G5-LR0p001,GraphSAGEPairNorm,65,0,8,128,8,5,convs.2,2048,2048,3,0.3423316180706024,0.3485927879810333,0.006261169910430908,0.010117650032043457,0.011911067180335522,test,0.34354889392852783,0.237074077129364,0.18999043107032776,0.4365331806236878,128,108.64311981201172,0.8487743735313416,0.6527909636497498,0.0012615311425179243,0.18683747373681361
RW-PubMed-H0.1-LOW-LRSENS-G5-LR0p001,GraphSAGEPairNorm,65,0,8,128,8,6,pns.2,2048,2048,3,0.9839984774589539,1.0029152631759644,0.018916785717010498,1.160818099975586,0.011337965726852417,test,0.9969640374183655,0.9201189875602722,1.176513433456421,1.1765862284007715,128,108.64923095703125,0.8488221168518066,0.9537261128425598,0.007812017109245062,0.18683747373681361
RW-PubMed-H0.1-LOW-LRSENS-G5-LR0p001,GraphSAGEPairNorm,65,0,8,128,8,7,convs.3,2048,2048,3,0.2758667469024658,0.2803250849246979,0.004458338022232056,0.00669252872467041,0.01066584512591362,test,0.2803305983543396,0.1893586963415146,0.18318115174770355,0.3486886689986933,128,106.89472961425781,0.8351150751113892,0.7162193655967712,0.0012753321789205074,0.18683747373681361
RW-PubMed-H0.1-LOW-LRSENS-G5-LR0p001,GraphSAGEPairNorm,65,0,8,128,8,8,pns.3,2048,2048,3,0.9842076897621155,1.001444697380066,0.01723700761795044,1.0713601112365723,0.010661364533007145,test,0.9952195286750793,0.9055086374282837,1.122072458267212,1.1221412158709714,128,107.39203643798828,0.8390002846717834,0.9440284967422485,0.007812021300196648,0.18683747373681361
RW-PubMed-H0.1-LOW-LRSENS-G5-LR0p001,GraphSAGEPairNorm,65,0,8,128,8,9,convs.4,2048,2048,3,0.2825487554073334,0.2867393493652344,0.004190593957901001,0.006329059600830078,0.009576552547514439,test,0.2842369079589844,0.1865256428718567,0.1674710363149643,0.34382677661006866,128,106.42230224609375,0.8314242362976074,0.6885303854942322,0.0012059691362082958,0.18683747373681361
RW-PubMed-H0.1-LOW-LRSENS-G5-LR0p001,GraphSAGEPairNorm,65,0,8,128,8,10,pns.4,2048,2048,3,0.9834426045417786,1.0017619132995605,0.018319308757781982,1.0614068508148193,0.010684330016374588,test,0.9934012293815613,0.9042492508888245,1.0848393440246582,1.0849096355899503,128,106.41666412353516,0.8313801884651184,0.9384008646011353,0.007811994291841984,0.18683747373681361
RW-PubMed-H0.1-LOW-LRSENS-G5-LR0p001,GraphSAGEPairNorm,65,0,8,128,8,11,convs.5,2048,2048,3,0.29480481147766113,0.2997766137123108,0.004971802234649658,0.0076274871826171875,0.01071044523268938,test,0.2975733280181885,0.2022838294506073,0.1735156625509262,0.36371286358045885,128,105.03849792480469,0.8206132650375366,0.67763352394104,0.001277087489143014,0.18683747373681361
RW-PubMed-H0.1-LOW-LRSENS-G5-LR0p001,GraphSAGEPairNorm,65,0,8,128,8,12,pns.5,2048,2048,3,0.9755614995956421,0.9975509643554688,0.02198946475982666,0.8400829434394836,0.011743525043129921,test,0.9911819100379944,0.8696699142456055,1.061405897140503,1.0614707474420146,128,105.2706527709961,0.822426974773407,0.9316843152046204,0.007812022231519222,0.18683747373681361
RW-PubMed-H0.1-LOW-LRSENS-G5-LR0p001,GraphSAGEPairNorm,65,0,8,128,8,13,convs.6,2048,2048,3,0.25614073872566223,0.26004403829574585,0.003903299570083618,0.005703270435333252,0.00943654216825962,test,0.2550923824310303,0.16126541793346405,0.17056843638420105,0.3034261390686415,128,102.34586334228516,0.7995770573616028,0.7334956526756287,0.001365486066788435,0.18683747373681361
RW-PubMed-H0.1-LOW-LRSENS-G5-LR0p001,GraphSAGEPairNorm,65,0,8,128,8,14,pns.6,2048,2048,3,0.9719228148460388,0.989970862865448,0.01804804801940918,0.5618044137954712,0.010650611482560635,test,0.9836400151252747,0.784561276435852,0.9758355021476746,0.9758913430982455,128,102.33122253417969,0.7994626760482788,0.9084774255752563,0.007812052965164185,0.18683747373681361
RW-PubMed-H0.1-LOW-LRSENS-G5-LR0p001,GraphSAGEPairNorm,65,0,8,128,8,15,convs.7,2048,2048,3,0.14677391946315765,0.15609849989414215,0.009324580430984497,0.01062023639678955,0.04332953318953514,test,0.1406499147415161,0.07409408688545227,0.004932137206196785,0.1681619320705867,3,2.953653335571289,0.9845511118570963,0.1682882308959961,0.0015683453530073166,0.18683747373681361
RW-PubMed-H0.1-LOW-LRSENS-G5-LR0p001,GraphSAGEPairNorm,65,0,8,128,16,1,convs.0,2048,2048,3,0.4562087953090668,0.47361770272254944,0.017408907413482666,0.03294849395751953,0.02487899735569954,test,0.4647621512413025,0.382307767868042,0.03184720128774643,0.7226251026595631,128,120.77716064453125,0.9435715675354004,0.20818156003952026,0.0001668664626777172,0.16313778467492657
RW-PubMed-H0.1-LOW-LRSENS-G5-LR0p001,GraphSAGEPairNorm,65,0,8,128,16,2,pns.0,2048,2048,3,0.9753835797309875,1.0110399723052979,0.0356563925743103,1.4452217817306519,0.022704750299453735,test,0.9998900890350342,0.9480859041213989,1.4903522729873657,1.4910502856340033,128,120.63407897949219,0.9424537420272827,0.969420850276947,0.007808842696249485,0.16313778467492657
RW-PubMed-H0.1-LOW-LRSENS-G5-LR0p001,GraphSAGEPairNorm,65,0,8,128,16,3,convs.1,2048,2048,3,0.3667035698890686,0.37885192036628723,0.012148350477218628,0.019937515258789062,0.021496791392564774,test,0.36785560846328735,0.289326012134552,0.2200307846069336,0.5266130082616026,128,111.3805923461914,0.8701608777046204,0.6386206150054932,0.0012890868820250034,0.16313778467492657
RW-PubMed-H0.1-LOW-LRSENS-G5-LR0p001,GraphSAGEPairNorm,65,0,8,128,16,4,pns.1,2048,2048,3,0.9757823348045349,1.0101861953735352,0.034403860569000244,1.3864150047302246,0.021774154156446457,test,0.9983963966369629,0.9509886503219604,1.33341383934021,1.3334946730186021,128,111.13994598388672,0.868280827999115,0.9631873369216919,0.007812025956809521,0.16313778467492657
RW-PubMed-H0.1-LOW-LRSENS-G5-LR0p001,GraphSAGEPairNorm,65,0,8,128,16,5,convs.2,2048,2048,3,0.3852252960205078,0.4009275436401367,0.015702247619628906,0.026118755340576172,0.02597305178642273,test,0.39695167541503906,0.2980212867259979,0.2054419219493866,0.5395991029808455,128,107.38875579833984,0.83897465467453,0.6088022589683533,0.0012721825623884797,0.16313778467492657
RW-PubMed-H0.1-LOW-LRSENS-G5-LR0p001,GraphSAGEPairNorm,65,0,8,128,16,6,pns.2,2048,2048,3,0.9697781801223755,1.0108485221862793,0.04107034206390381,1.277895212173462,0.024349452927708626,test,0.9974831342697144,0.9610780477523804,1.2615457773208618,1.261623382290037,128,107.38568878173828,0.8389506936073303,0.9546575546264648,0.007812020368874073,0.16313778467492657
RW-PubMed-H0.1-LOW-LRSENS-G5-LR0p001,GraphSAGEPairNorm,65,0,8,128,16,7,convs.3,2048,2048,3,0.31436967849731445,0.3293784558773041,0.015008777379989624,0.022439956665039062,0.030263209715485573,test,0.32494181394577026,0.24823519587516785,0.2048216462135315,0.44792003195614255,128,105.31036376953125,0.8227372169494629,0.6657107472419739,0.0012924380134791136,0.16313778467492657
RW-PubMed-H0.1-LOW-LRSENS-G5-LR0p001,GraphSAGEPairNorm,65,0,8,128,16,8,pns.3,2048,2048,3,0.9626254439353943,1.0110599994659424,0.048434555530548096,1.1910126209259033,0.02962607517838478,test,0.995377242565155,0.9660549163818359,1.2380263805389404,1.2381012102739344,128,105.1210708618164,0.8212583661079407,0.9455373883247375,0.00781202781945467,0.16313778467492657
RW-PubMed-H0.1-LOW-LRSENS-G5-LR0p001,GraphSAGEPairNorm,65,0,8,128,16,9,convs.4,2048,2048,3,0.3220641016960144,0.34203460812568665,0.01997050642967224,0.029827117919921875,0.039712585508823395,test,0.33378756046295166,0.2581416070461273,0.19974438846111298,0.4684119576094873,128,103.64421844482422,0.8097204566001892,0.6421632766723633,0.0012394818477332592,0.16313778467492657
RW-PubMed-H0.1-LOW-LRSENS-G5-LR0p001,GraphSAGEPairNorm,65,0,8,128,16,10,pns.4,2048,2048,3,0.953527569770813,1.0191569328308105,0.06562936305999756,1.2833917140960693,0.039400018751621246,test,0.9953070282936096,0.9939121603965759,1.2589168548583984,1.2589961742732647,128,103.3956298828125,0.8077783584594727,0.943152129650116,0.007812007796019316,0.16313778467492657
RW-PubMed-H0.1-LOW-LRSENS-G5-LR0p001,GraphSAGEPairNorm,65,0,8,128,16,11,convs.5,2048,2048,3,0.33713585138320923,0.366193562746048,0.029057711362838745,0.04410743713378906,0.04992886260151863,test,0.3527037501335144,0.3051002621650696,0.22827517986297607,0.5253235193401081,128,100.22986602783203,0.7830458283424377,0.6411669254302979,0.0013843374326825142,0.16313778467492657
RW-PubMed-H0.1-LOW-LRSENS-G5-LR0p001,GraphSAGEPairNorm,65,0,8,128,16,12,pns.5,2048,2048,3,0.9390558004379272,1.011980652809143,0.07292485237121582,1.0598456859588623,0.04301595315337181,test,0.988619863986969,0.9584890604019165,1.2881969213485718,1.288269484917119,128,100.56771087646484,0.7856852412223816,0.9354287385940552,0.007812059484422207,0.16313778467492657
RW-PubMed-H0.1-LOW-LRSENS-G5-LR0p001,GraphSAGEPairNorm,65,0,8,128,16,13,convs.6,2048,2048,3,0.274123877286911,0.30053988099098206,0.026416003704071045,0.036676883697509766,0.05247941240668297,test,0.29912304878234863,0.25542426109313965,0.2625158429145813,0.4512986600453155,128,94.17466735839844,0.7357395887374878,0.7340652942657471,0.0016686900053173304,0.16313778467492657
RW-PubMed-H0.1-LOW-LRSENS-G5-LR0p001,GraphSAGEPairNorm,65,0,8,128,16,14,pns.6,2048,2048,3,0.9236463308334351,1.0049948692321777,0.08134853839874268,0.9129651188850403,0.05032426118850708,test,0.9828877449035645,0.8553274869918823,1.22899329662323,1.2290510232571559,128,94.2656021118164,0.7364500164985657,0.9088359475135803,0.007812133990228176,0.16313778467492657
RW-PubMed-H0.1-LOW-LRSENS-G5-LR0p001,GraphSAGEPairNorm,65,0,8,128,16,15,convs.7,2048,2048,3,0.14126600325107574,0.1906287521123886,0.049362748861312866,0.05649518966674805,0.2110777050256729,test,0.16696059703826904,0.16563564538955688,0.03086165152490139,0.34942237737555937,3,2.568039894104004,0.856013298034668,0.29190394282341003,0.005805212073028088,0.16313778467492657
RW-PubMed-H0.1-LOW-LRSENS-G5-LR0p001,GraphSAGEPairNorm,65,0,8,128,32,1,convs.0,2048,2048,3,0.7414997816085815,0.8134703040122986,0.07197052240371704,0.2782306671142578,0.06481486558914185,test,0.7907018661499023,0.7610759139060974,0.0380411334335804,1.3441416128347787,128,117.94426727294922,0.9214395880699158,0.16456657648086548,0.00017976743401959538,0.18162451098268179
RW-PubMed-H0.1-LOW-LRSENS-G5-LR0p001,GraphSAGEPairNorm,65,0,8,128,32,2,pns.0,2048,2048,3,0.9387301802635193,1.029098391532898,0.09036821126937866,1.4286668300628662,0.0643877238035202,test,0.9997079968452454,1.0057692527770996,1.6525087356567383,1.653226796607189,128,117.71334075927734,0.9196354746818542,0.9679481387138367,0.0078091067261993885,0.18162451098268179
RW-PubMed-H0.1-LOW-LRSENS-G5-LR0p001,GraphSAGEPairNorm,65,0,8,128,32,3,convs.1,2048,2048,3,0.45482373237609863,0.5597123503684998,0.10488861799240112,0.18997395038604736,0.16195012629032135,test,0.5346226692199707,0.5899255275726318,0.4519288241863251,1.1230412598501704,128,100.79474639892578,0.7874589562416077,0.6160788536071777,0.0018174718134105206,0.18162451098268179
RW-PubMed-H0.1-LOW-LRSENS-G5-LR0p001,GraphSAGEPairNorm,65,0,8,128,32,4,pns.1,2048,2048,3,0.8742428421974182,1.0579724311828613,0.18372958898544312,1.3476476669311523,0.15751947462558746,test,0.9980032444000244,1.164997935295105,1.942556619644165,1.9426401045033543,128,101.22138214111328,0.7907920479774475,0.9458248615264893,0.007812164258211851,0.18162451098268179
RW-PubMed-H0.1-LOW-LRSENS-G5-LR0p001,GraphSAGEPairNorm,65,0,8,128,32,5,convs.2,2048,2048,3,0.48248425126075745,0.6991507411003113,0.21666648983955383,0.39670664072036743,0.3294115364551544,test,0.6276036500930786,0.8506649732589722,0.9383474588394165,1.7783068554161245,128,81.66290283203125,0.6379914283752441,0.6799522042274475,0.002960963174700737,0.18162451098268179
RW-PubMed-H0.1-LOW-LRSENS-G5-LR0p001,GraphSAGEPairNorm,65,0,8,128,32,6,pns.2,2048,2048,3,0.7819615006446838,1.0996745824813843,0.31771308183670044,1.2955424785614014,0.32863330841064453,test,0.9944148063659668,1.3718671798706055,2.4757635593414307,2.4758287856771513,128,81.05247497558594,0.6332224607467651,0.8985304236412048,0.007812293246388435,0.18162451098268179
RW-PubMed-H0.1-LOW-LRSENS-G5-LR0p001,GraphSAGEPairNorm,65,0,8,128,32,7,convs.3,2048,2048,3,0.43783530592918396,0.7307042479515076,0.2928689420223236,0.49480652809143066,0.45741045475006104,test,0.6441367864608765,0.9838320016860962,1.5662336349487305,1.9876323270807137,128,54.79877471923828,0.4281154274940491,0.8020561933517456,0.004604685120284557,0.18162451098268179
RW-PubMed-H0.1-LOW-LRSENS-G5-LR0p001,GraphSAGEPairNorm,65,0,8,128,32,8,pns.3,2048,2048,3,0.7167648077011108,1.1142356395721436,0.3974708318710327,1.2149845361709595,0.42914894223213196,test,0.982096791267395,1.499979853630066,2.657291889190674,2.657337188627478,128,54.074806213378906,0.4224594235420227,0.869321346282959,0.007812367286533117,0.18162451098268179
RW-PubMed-H0.1-LOW-LRSENS-G5-LR0p001,GraphSAGEPairNorm,65,0,8,128,32,9,convs.4,2048,2048,3,0.46346452832221985,0.7858973741531372,0.32243284583091736,0.5459567308425903,0.4645426273345947,test,0.6855378150939941,1.0872927904129028,1.982998013496399,2.2020011895200975,128,30.240888595581055,0.236256942152977,0.8680242300033569,0.00550949526950717,0.18162451098268179
RW-PubMed-H0.1-LOW-LRSENS-G5-LR0p001,GraphSAGEPairNorm,65,0,8,128,32,10,pns.4,2048,2048,3,0.6921462416648865,1.12400484085083,0.4318585991859436,1.2354958057403564,0.4729432761669159,test,0.9830154776573181,1.5661901235580444,2.8118643760681152,2.8119044330811205,128,30.008441925048828,0.23444095253944397,0.8856127858161926,0.007812389172613621,0.18162451098268179
RW-PubMed-H0.1-LOW-LRSENS-G5-LR0p001,GraphSAGEPairNorm,65,0,8,128,32,11,convs.5,2048,2048,3,0.5196744799613953,0.864432156085968,0.34475767612457275,0.6469364166259766,0.4848247766494751,test,0.7576106190681458,1.2356477975845337,2.694255828857422,2.399183636293961,128,14.461630821228027,0.11298149079084396,0.9676011204719543,0.007370916195213795,0.18162451098268179
RW-PubMed-H0.1-LOW-LRSENS-G5-LR0p001,GraphSAGEPairNorm,65,0,8,128,32,12,pns.5,2048,2048,3,0.6811090707778931,1.1318044662475586,0.4506953954696655,1.2622637748718262,0.49199748039245605,test,0.9863688945770264,1.5855971574783325,2.855635166168213,2.8556656339257045,128,14.644046783447266,0.11440661549568176,0.8971025943756104,0.007812416180968285,0.18162451098268179
RW-PubMed-H0.1-LOW-LRSENS-G5-LR0p001,GraphSAGEPairNorm,65,0,8,128,32,13,convs.6,2048,2048,3,0.46643319725990295,0.8190171718597412,0.35258397459983826,0.6033928990364075,0.5074892640113831,test,0.7094263434410095,1.1567351818084717,3.2637085914611816,2.218682871869029,128,7.078426361083984,0.05530020594596863,1.114577293395996,0.009083341807126999,0.18162451098268179
RW-PubMed-H0.1-LOW-LRSENS-G5-LR0p001,GraphSAGEPairNorm,65,0,8,128,32,14,pns.6,2048,2048,3,0.6575665473937988,1.1351107358932495,0.4775441884994507,1.2565627098083496,0.5172396302223206,test,0.9830077886581421,1.580232858657837,2.8070621490478516,2.8070857405119782,128,7.122957229614258,0.05564810335636139,0.9086514711380005,0.007812433876097202,0.18162451098268179
RW-PubMed-H0.1-LOW-LRSENS-G5-LR0p001,GraphSAGEPairNorm,65,0,8,128,32,15,convs.7,2048,2048,3,0.32286524772644043,0.5681847929954529,0.24531954526901245,0.3435528874397278,0.47255152463912964,test,0.4847450256347656,0.8028149008750916,0.5082430839538574,1.6471106375531546,3,1.545446753501892,0.515148917833964,0.5265088677406311,0.06103603169322014,0.18162451098268179
RW-PubMed-H0.1-LOW-LRSENS-G5-LR0p001,GraphSAGEPairNorm,65,0,8,128,50,1,convs.0,2048,2048,3,0.8775221109390259,0.9430595636367798,0.0655374526977539,0.5393157005310059,0.04825163260102272,test,0.9214723110198975,0.8666813373565674,0.03345873951911926,1.4495366943796817,128,118.40583038330078,0.9250455498695374,0.14791667461395264,0.0001676625688560307,0.21090158852499824
RW-PubMed-H0.1-LOW-LRSENS-G5-LR0p001,GraphSAGEPairNorm,65,0,8,128,50,2,pns.0,2048,2048,3,0.9470740556716919,1.0241219997406006,0.07704794406890869,1.4637340307235718,0.05166906118392944,test,0.9996997714042664,0.9634438753128052,1.5583360195159912,1.5590621537965397,128,118.49535369873047,0.9257449507713318,0.9700250029563904,0.007808861322700977,0.21090158852499824
RW-PubMed-H0.1-LOW-LRSENS-G5-LR0p001,GraphSAGEPairNorm,65,0,8,128,50,3,convs.1,2048,2048,3,0.5292535424232483,0.6151461601257324,0.08589261770248413,0.18331873416900635,0.10591278225183487,test,0.5925699472427368,0.597912609577179,0.32320764660835266,1.0463923603378853,128,103.06999969482422,0.8052343726158142,0.5401225686073303,0.0015257640043273568,0.21090158852499824
RW-PubMed-H0.1-LOW-LRSENS-G5-LR0p001,GraphSAGEPairNorm,65,0,8,128,50,4,pns.1,2048,2048,3,0.8968827724456787,1.048166036605835,0.15128326416015625,1.4143025875091553,0.11568435281515121,test,0.9970106482505798,1.0578423738479614,1.6548631191253662,1.6549476558054104,128,103.11321258544922,0.805571973323822,0.9554688930511475,0.00781210046261549,0.21090158852499824
RW-PubMed-H0.1-LOW-LRSENS-G5-LR0p001,GraphSAGEPairNorm,65,0,8,128,50,5,convs.2,2048,2048,3,0.5708125829696655,0.7524694204330444,0.1816568374633789,0.41508203744888306,0.24175183475017548,test,0.7122724652290344,0.8729761838912964,0.7393182516098022,1.6814499044604703,128,83.70003509521484,0.653906524181366,0.6177226305007935,0.0026923143304884434,0.21090158852499824
RW-PubMed-H0.1-LOW-LRSENS-G5-LR0p001,GraphSAGEPairNorm,65,0,8,128,50,6,pns.2,2048,2048,3,0.82830411195755,1.0748199224472046,0.24651581048965454,1.336216688156128,0.24810150265693665,test,0.9949496388435364,1.2608696222305298,2.145275354385376,2.145337628091865,128,83.83480834960938,0.6549594402313232,0.9036040902137756,0.007812272757291794,0.21090158852499824
RW-PubMed-H0.1-LOW-LRSENS-G5-LR0p001,GraphSAGEPairNorm,65,0,8,128,50,7,convs.3,2048,2048,3,0.5667613744735718,0.7996422648429871,0.23288089036941528,0.5183788537979126,0.3135634958744049,test,0.7401080131530762,1.0796693563461304,1.7073359489440918,2.0669095109455267,128,53.07939910888672,0.4146828055381775,0.8007627725601196,0.0054140593856573105,0.21090158852499824
RW-PubMed-H0.1-LOW-LRSENS-G5-LR0p001,GraphSAGEPairNorm,65,0,8,128,50,8,pns.3,2048,2048,3,0.7564552426338196,1.0918608903884888,0.3354056477546692,1.2379345893859863,0.36225178837776184,test,0.9868090748786926,1.4314072132110596,2.463653564453125,2.463689101503048,128,52.34597396850586,0.408952921628952,0.8536139726638794,0.007812386844307184,0.21090158852499824
RW-PubMed-H0.1-LOW-LRSENS-G5-LR0p001,GraphSAGEPairNorm,65,0,8,128,50,9,convs.4,2048,2048,3,0.5723354816436768,0.8751749992370605,0.3028395175933838,0.6489368081092834,0.3987072706222534,test,0.7811024188995361,1.2078132629394531,2.751744270324707,2.2986260604977904,128,23.384309768676758,0.18268992006778717,0.9480933547019958,0.008202500641345978,0.21090158852499824
RW-PubMed-H0.1-LOW-LRSENS-G5-LR0p001,GraphSAGEPairNorm,65,0,8,128,50,10,pns.4,2048,2048,3,0.7357802391052246,1.0877957344055176,0.35201549530029297,1.1723145246505737,0.3932163119316101,test,0.9772780537605286,1.4988923072814941,2.620882987976074,2.620908451561785,128,22.966114044189453,0.1794227659702301,0.8552221059799194,0.007812424562871456,0.21090158852499824
RW-PubMed-H0.1-LOW-LRSENS-G5-LR0p001,GraphSAGEPairNorm,65,0,8,128,50,11,convs.5,2048,2048,3,0.6419258117675781,0.9449492692947388,0.30302345752716064,0.7532380223274231,0.37691059708595276,test,0.8504176735877991,1.3517706394195557,4.423040390014648,2.4663519133343055,128,8.387221336364746,0.06552516669034958,1.1658613681793213,0.01285247690975666,0.21090158852499824
RW-PubMed-H0.1-LOW-LRSENS-G5-LR0p001,GraphSAGEPairNorm,65,0,8,128,50,12,pns.5,2048,2048,3,0.733234167098999,1.0923080444335938,0.3590738773345947,1.1704354286193848,0.4045126438140869,test,0.9742910265922546,1.5408602952957153,2.688570976257324,2.688587161737879,128,8.334368705749512,0.06511225551366806,0.8669565916061401,0.007812452968209982,0.21090158852499824
RW-PubMed-H0.1-LOW-LRSENS-G5-LR0p001,GraphSAGEPairNorm,65,0,8,128,50,13,convs.6,2048,2048,3,0.6310025453567505,1.0147078037261963,0.3837052583694458,0.8911681771278381,0.48360928893089294,test,0.8884820342063904,1.4307752847671509,6.825174808502197,2.5574356512782908,128,3.56111741065979,0.02782122977077961,1.4510023593902588,0.019497033208608627,0.21090158852499824
RW-PubMed-H0.1-LOW-LRSENS-G5-LR0p001,GraphSAGEPairNorm,65,0,8,128,50,14,pns.6,2048,2048,3,0.7294095754623413,1.1123745441436768,0.38296496868133545,1.2658014297485352,0.4260583817958832,test,0.9892277121543884,1.59111487865448,2.7348504066467285,2.7348614913571723,128,3.523118019104004,0.02752435952425003,0.8842427134513855,0.00781246880069375,0.21090158852499824
RW-PubMed-H0.1-LOW-LRSENS-G5-LR0p001,GraphSAGEPairNorm,65,0,8,128,50,15,convs.7,2048,2048,3,0.4425642788410187,0.6977810263633728,0.2552167475223541,0.4276270866394043,0.3744570314884186,test,0.61534184217453,0.9959166049957275,1.5413312911987305,1.9110209848917057,3,1.7021160125732422,0.5673720041910807,0.7820443511009216,0.20414671301841736,0.21090158852499824
RW-PubMed-H0.1-LOW-LRSENS-G5-LR0p001,GraphSAGEPairNorm,65,0,8,128,100,1,convs.0,2048,2048,3,0.8834171891212463,0.9343674182891846,0.05095022916793823,0.44191789627075195,0.037600498646497726,test,0.9182026982307434,0.8688547015190125,0.033414117991924286,1.3743152869108821,128,119.13981628417969,0.9307798147201538,0.15184853971004486,0.00017601868603378534,0.2725033368905784
RW-PubMed-H0.1-LOW-LRSENS-G5-LR0p001,GraphSAGEPairNorm,65,0,8,128,100,2,pns.0,2048,2048,3,0.9623731374740601,1.0170608758926392,0.0546877384185791,1.469799518585205,0.03627648577094078,test,0.9999840259552002,0.9592080116271973,1.4824104309082031,1.4830685523374172,128,119.00837707519531,0.9297529458999634,0.9712058305740356,0.007809032686054707,0.2725033368905784
RW-PubMed-H0.1-LOW-LRSENS-G5-LR0p001,GraphSAGEPairNorm,65,0,8,128,100,3,convs.1,2048,2048,3,0.42855483293533325,0.4885299801826477,0.05997514724731445,0.10529327392578125,0.10705656558275223,test,0.4905779957771301,0.497306227684021,0.2970995604991913,0.7880956297918438,128,97.79186248779297,0.7639989256858826,0.5859529376029968,0.001548847882077098,0.2725033368905784
RW-PubMed-H0.1-LOW-LRSENS-G5-LR0p001,GraphSAGEPairNorm,65,0,8,128,100,4,pns.1,2048,2048,3,0.9028891324996948,1.0470458269119263,0.14415669441223145,1.4692084789276123,0.11123311519622803,test,0.9969842433929443,0.998927116394043,1.4985158443450928,1.4985914116104975,128,97.55843353271484,0.7621752619743347,0.9466159343719482,0.007812106050550938,0.2725033368905784
RW-PubMed-H0.1-LOW-LRSENS-G5-LR0p001,GraphSAGEPairNorm,65,0,8,128,100,5,convs.2,2048,2048,3,0.6627988815307617,0.8441802263259888,0.18138134479522705,0.5444415211677551,0.20090052485466003,test,0.7962266206741333,0.8384219408035278,0.8248969912528992,1.5272295832061054,128,66.36412048339844,0.5184696912765503,0.6654922962188721,0.0036285065580159426,0.2725033368905784
RW-PubMed-H0.1-LOW-LRSENS-G5-LR0p001,GraphSAGEPairNorm,65,0,8,128,100,6,pns.2,2048,2048,3,0.8422317504882812,1.066909909248352,0.2246781587600708,1.4049603939056396,0.20481805503368378,test,0.9935460686683655,1.0767766237258911,1.7760388851165771,1.776076995594407,128,65.79249572753906,0.5140038728713989,0.8877837061882019,0.007812331430613995,0.2725033368905784
RW-PubMed-H0.1-LOW-LRSENS-G5-LR0p001,GraphSAGEPairNorm,65,0,8,128,100,7,convs.3,2048,2048,3,0.6144247651100159,0.7717151641845703,0.15729039907455444,0.41687023639678955,0.179884672164917,test,0.7320385575294495,0.7194138765335083,1.3056185245513916,1.4309864925875917,128,32.632240295410156,0.25493937730789185,0.8270492553710938,0.005869017448276281,0.2725033368905784
RW-PubMed-H0.1-LOW-LRSENS-G5-LR0p001,GraphSAGEPairNorm,65,0,8,128,100,8,pns.3,2048,2048,3,0.8148694634437561,1.029236078262329,0.214366614818573,1.2535607814788818,0.1915871500968933,test,0.976140558719635,1.0585633516311646,1.7379415035247803,1.7379645006727664,128,32.30620574951172,0.2523922324180603,0.8563070893287659,0.007812395691871643,0.2725033368905784
RW-PubMed-H0.1-LOW-LRSENS-G5-LR0p001,GraphSAGEPairNorm,65,0,8,128,100,9,convs.4,2048,2048,3,0.5398082733154297,0.6626482009887695,0.12283992767333984,0.27091991901397705,0.15020416676998138,test,0.6280320286750793,0.6263962388038635,1.6531696319580078,1.3530854772956695,128,14.483355522155762,0.11315121501684189,0.9546293020248413,0.00716065987944603,0.2725033368905784
RW-PubMed-H0.1-LOW-LRSENS-G5-LR0p001,GraphSAGEPairNorm,65,0,8,128,100,10,pns.4,2048,2048,3,0.8201283812522888,1.0069200992584229,0.18679171800613403,1.1587178707122803,0.1559104174375534,test,0.957690954208374,1.0307941436767578,1.8036394119262695,1.8036590856082837,128,14.479191780090332,0.11311868578195572,0.8602978587150574,0.007812414783984423,0.2725033368905784
RW-PubMed-H0.1-LOW-LRSENS-G5-LR0p001,GraphSAGEPairNorm,65,0,8,128,100,11,convs.5,2048,2048,3,0.5261285305023193,0.660828173160553,0.13469964265823364,0.2884748578071594,0.17518332600593567,test,0.627104640007019,0.7219034433364868,2.7994604110717773,1.6475851153670675,128,7.711361885070801,0.06024501472711563,1.1260755062103271,0.009927150793373585,0.2725033368905784
RW-PubMed-H0.1-LOW-LRSENS-G5-LR0p001,GraphSAGEPairNorm,65,0,8,128,100,12,pns.5,2048,2048,3,0.7696029543876648,0.9770184755325317,0.20741552114486694,1.0004154443740845,0.20734021067619324,test,0.9401577115058899,1.1076991558074951,2.203110933303833,2.2031281357875936,128,8.013448715209961,0.06260506808757782,0.8642722368240356,0.00781243946403265,0.2725033368905784
RW-PubMed-H0.1-LOW-LRSENS-G5-LR0p001,GraphSAGEPairNorm,65,0,8,128,100,13,convs.6,2048,2048,3,0.8229045271873474,1.011315941810608,0.1884114146232605,1.0706391334533691,0.24262583255767822,test,0.9580508470535278,1.0296528339385986,7.25919771194458,1.994911048508774,128,3.7585039138793945,0.02936331182718277,1.5755454301834106,0.025604669004678726,0.2725033368905784
RW-PubMed-H0.1-LOW-LRSENS-G5-LR0p001,GraphSAGEPairNorm,65,0,8,128,100,14,pns.6,2048,2048,3,0.7832032442092896,1.003400444984436,0.22019720077514648,1.090484619140625,0.22368110716342926,test,0.9550021886825562,1.1629724502563477,2.2149205207824707,2.214927253800031,128,3.72385573387146,0.02909262292087078,0.882866621017456,0.00781247578561306,0.2725033368905784
RW-PubMed-H0.1-LOW-LRSENS-G5-LR0p001,GraphSAGEPairNorm,65,0,8,128,100,15,convs.7,2048,2048,3,0.5746588110923767,0.7725062370300293,0.1978474259376526,0.4707289934158325,0.2319817841053009,test,0.7232431173324585,0.9712423086166382,7.286294460296631,2.044494220232261,3,1.8197892904281616,0.6065964301427206,1.3781219720840454,1.0262774229049683,0.2725033368905784
RW-PubMed-H0.1-LOW-LRSENS-G5-LR0p001,GraphSAGEPairNorm,65,0,8,128,150,1,convs.0,2048,2048,3,0.8639470338821411,0.9078434109687805,0.043896377086639404,0.32522737979888916,0.03420543298125267,test,0.8937867879867554,0.853397011756897,0.033237479627132416,1.3370353827902504,128,119.20494079589844,0.9312885999679565,0.15363836288452148,0.00017590270726941526,0.3228526514450587
RW-PubMed-H0.1-LOW-LRSENS-G5-LR0p001,GraphSAGEPairNorm,65,0,8,128,150,2,pns.0,2048,2048,3,0.9647882580757141,1.0163177251815796,0.05152946710586548,1.4673550128936768,0.034262850880622864,test,0.999940812587738,0.9629571437835693,1.4755457639694214,1.4762011018876349,128,119.06110382080078,0.9301648736000061,0.9713576436042786,0.007809031754732132,0.3228526514450587
RW-PubMed-H0.1-LOW-LRSENS-G5-LR0p001,GraphSAGEPairNorm,65,0,8,128,150,3,convs.1,2048,2048,3,0.35913950204849243,0.41408824920654297,0.05494874715805054,0.08570444583892822,0.11870793998241425,test,0.4206734895706177,0.4454352557659149,0.3109935224056244,0.7102943772028635,128,91.84698486328125,0.7175545692443848,0.6253271102905273,0.0015911557711660862,0.3228526514450587
RW-PubMed-H0.1-LOW-LRSENS-G5-LR0p001,GraphSAGEPairNorm,65,0,8,128,150,4,pns.1,2048,2048,3,0.8978052735328674,1.0494903326034546,0.15168505907058716,1.467422604560852,0.12237058579921722,test,0.9984461665153503,1.0031920671463013,1.5268882513046265,1.526963428961773,128,91.78822326660156,0.7170954942703247,0.9359899759292603,0.007812115829437971,0.3228526514450587
RW-PubMed-H0.1-LOW-LRSENS-G5-LR0p001,GraphSAGEPairNorm,65,0,8,128,150,5,convs.2,2048,2048,3,0.684482991695404,0.8589087724685669,0.17442578077316284,0.5540916919708252,0.18664224445819855,test,0.8173019886016846,0.8701461553573608,0.9822302460670471,1.6474667199323703,128,53.21146774291992,0.4157145917415619,0.6842232942581177,0.004100434482097626,0.3228526514450587
RW-PubMed-H0.1-LOW-LRSENS-G5-LR0p001,GraphSAGEPairNorm,65,0,8,128,150,6,pns.2,2048,2048,3,0.8322369456291199,1.0569909811019897,0.22475403547286987,1.3756603002548218,0.20388299226760864,test,0.9947265386581421,1.0863556861877441,1.8713940382003784,1.8714296213417774,128,53.528202056884766,0.41818907856941223,0.8728712797164917,0.007812351454049349,0.3228526514450587
RW-PubMed-H0.1-LOW-LRSENS-G5-LR0p001,GraphSAGEPairNorm,65,0,8,128,150,7,convs.3,2048,2048,3,0.6117149591445923,0.7663679122924805,0.15465295314788818,0.39882850646972656,0.17954187095165253,test,0.7088370323181152,0.6294134259223938,1.3914872407913208,1.3886903615405288,128,22.500280380249023,0.1757834404706955,0.822810173034668,0.006139969918876886,0.3228526514450587
RW-PubMed-H0.1-LOW-LRSENS-G5-LR0p001,GraphSAGEPairNorm,65,0,8,128,150,8,pns.3,2048,2048,3,0.8195573687553406,1.0104072093963623,0.19084984064102173,1.1495006084442139,0.15417741239070892,test,0.9689664244651794,1.0093457698822021,1.7705059051513672,1.7705287000059606,128,21.19101333618164,0.16555479168891907,0.839539647102356,0.007812400348484516,0.3228526514450587
RW-PubMed-H0.1-LOW-LRSENS-G5-LR0p001,GraphSAGEPairNorm,65,0,8,128,150,9,convs.4,2048,2048,3,0.5089783668518066,0.6150081157684326,0.10602974891662598,0.21654951572418213,0.12339657545089722,test,0.5927789211273193,0.5062820315361023,1.4803136587142944,1.146122305448427,128,10.320659637451172,0.08063015341758728,0.9591578245162964,0.007259906269609928,0.3228526514450587
RW-PubMed-H0.1-LOW-LRSENS-G5-LR0p001,GraphSAGEPairNorm,65,0,8,128,150,10,pns.4,2048,2048,3,0.8291742205619812,0.9745267033576965,0.14535248279571533,0.899417519569397,0.11207408457994461,test,0.9504391551017761,0.9027981162071228,1.5929715633392334,1.5929887492038968,128,9.978672981262207,0.07795838266611099,0.8487957119941711,0.00781241524964571,0.3228526514450587
RW-PubMed-H0.1-LOW-LRSENS-G5-LR0p001,GraphSAGEPairNorm,65,0,8,128,150,11,convs.5,2048,2048,3,0.4692804217338562,0.5503846406936646,0.08110421895980835,0.15436887741088867,0.11004091799259186,test,0.5405512452125549,0.5366731882095337,1.5867938995361328,1.1110462654933912,128,7.62313175201416,0.059555716812610626,1.0790303945541382,0.007372449617832899,0.3228526514450587
RW-PubMed-H0.1-LOW-LRSENS-G5-LR0p001,GraphSAGEPairNorm,65,0,8,128,150,12,pns.5,2048,2048,3,0.8428748250007629,0.9955857992172241,0.15271097421646118,1.0192757844924927,0.13379867374897003,test,0.967690110206604,0.9032278656959534,1.6814895868301392,1.6815075272230728,128,7.35463809967041,0.05745811015367508,0.8775951266288757,0.007812416180968285,0.3228526514450587
RW-PubMed-H0.1-LOW-LRSENS-G5-LR0p001,GraphSAGEPairNorm,65,0,8,128,150,13,convs.6,2048,2048,3,0.8485289812088013,1.0070379972457886,0.1585090160369873,1.1596158742904663,0.15847982466220856,test,0.9628829956054688,0.9638451933860779,4.4360761642456055,1.9398012934752624,128,4.086076736450195,0.03192247450351715,1.3370925188064575,0.017143869772553444,0.3228526514450587
RW-PubMed-H0.1-LOW-LRSENS-G5-LR0p001,GraphSAGEPairNorm,65,0,8,128,150,14,pns.6,2048,2048,3,0.826680064201355,1.0275462865829468,0.2008662223815918,1.1780372858047485,0.17812146246433258,test,0.9824317693710327,1.0475258827209473,2.0215208530426025,2.021530010478544,128,4.084446907043457,0.03190974146127701,0.9036279320716858,0.007812465075403452,0.3228526514450587
RW-PubMed-H0.1-LOW-LRSENS-G5-LR0p001,GraphSAGEPairNorm,65,0,8,128,150,15,convs.7,2048,2048,3,0.7777445316314697,0.9603199362754822,0.18257540464401245,0.8275414109230042,0.20651821792125702,test,0.912697434425354,1.0971810817718506,9.469454765319824,2.2850577262584317,3,2.0232157707214355,0.6744052569071451,1.5828839540481567,1.2629592418670654,0.3228526514450587
RW-PubMed-H0.1-LOW-LRSENS-G5-LR0p001,GraphSAGEPairNorm,65,0,8,128,200,1,convs.0,2048,2048,3,0.8399465680122375,0.883329451084137,0.043382883071899414,0.2735692262649536,0.033705417066812515,test,0.8732951879501343,0.8368934988975525,0.03274516388773918,1.3140844810379726,128,119.32806396484375,0.9322504997253418,0.15398459136486053,0.0001719283900456503,0.3684141318237562
RW-PubMed-H0.1-LOW-LRSENS-G5-LR0p001,GraphSAGEPairNorm,65,0,8,128,200,2,pns.0,2048,2048,3,0.9682847261428833,1.0144147872924805,0.04613006114959717,1.4584100246429443,0.030368855223059654,test,0.9997991919517517,0.9687520861625671,1.4872783422470093,1.487954240993894,128,119.31703186035156,0.9321643114089966,0.9715495705604553,0.007808951195329428,0.3684141318237562
RW-PubMed-H0.1-LOW-LRSENS-G5-LR0p001,GraphSAGEPairNorm,65,0,8,128,200,3,convs.1,2048,2048,3,0.2994864284992218,0.3595517575740814,0.06006532907485962,0.08583641052246094,0.1362328976392746,test,0.36057209968566895,0.38987043499946594,0.301847904920578,0.6683791556277439,128,89.13668060302734,0.6963803172111511,0.6414507031440735,0.001460111467167735,0.3684141318237562
RW-PubMed-H0.1-LOW-LRSENS-G5-LR0p001,GraphSAGEPairNorm,65,0,8,128,200,4,pns.1,2048,2048,3,0.8870736956596375,1.0537291765213013,0.16665548086166382,1.4594194889068604,0.13259613513946533,test,0.9939295649528503,1.0186642408370972,1.614986538887024,1.6150730818927659,128,89.2702407836914,0.6974237561225891,0.9325613975524902,0.00781208137050271,0.3684141318237562
RW-PubMed-H0.1-LOW-LRSENS-G5-LR0p001,GraphSAGEPairNorm,65,0,8,128,200,5,convs.2,2048,2048,3,0.6831077337265015,0.9136919379234314,0.23058420419692993,0.7242184281349182,0.23526805639266968,test,0.8443601131439209,0.9371482729911804,1.063464641571045,1.9396768599674705,128,46.14015579223633,0.3604699671268463,0.6509944200515747,0.0038407931569963694,0.3684141318237562
RW-PubMed-H0.1-LOW-LRSENS-G5-LR0p001,GraphSAGEPairNorm,65,0,8,128,200,6,pns.2,2048,2048,3,0.8169428110122681,1.0664492845535278,0.24950647354125977,1.3700320720672607,0.22200924158096313,test,0.9940062761306763,1.1332805156707764,2.1631336212158203,2.1631777171361004,128,46.483070373535156,0.3631489872932434,0.8697208166122437,0.007812340743839741,0.3684141318237562
RW-PubMed-H0.1-LOW-LRSENS-G5-LR0p001,GraphSAGEPairNorm,65,0,8,128,200,7,convs.3,2048,2048,3,0.5600799322128296,0.7340353727340698,0.17395544052124023,0.3959515690803528,0.18598909676074982,test,0.6882390379905701,0.6687602400779724,1.4377641677856445,1.5624573098962924,128,18.314491271972656,0.14308196306228638,0.7862268686294556,0.005631462670862675,0.3684141318237562
RW-PubMed-H0.1-LOW-LRSENS-G5-LR0p001,GraphSAGEPairNorm,65,0,8,128,200,8,pns.3,2048,2048,3,0.7915154099464417,1.0166540145874023,0.2251386046409607,1.1671693325042725,0.1924556940793991,test,0.9712782502174377,1.03766667842865,1.9945752620697021,1.9946030817700109,128,18.424007415771484,0.14393755793571472,0.8297563791275024,0.007812390569597483,0.3684141318237562
RW-PubMed-H0.1-LOW-LRSENS-G5-LR0p001,GraphSAGEPairNorm,65,0,8,128,200,9,convs.4,2048,2048,3,0.410153865814209,0.5284973978996277,0.1183435320854187,0.1994638442993164,0.13535374402999878,test,0.5070987343788147,0.5258851647377014,1.3610516786575317,1.1750373357174402,128,9.837550163269043,0.0768558606505394,0.8851574063301086,0.006157970055937767,0.3684141318237562
RW-PubMed-H0.1-LOW-LRSENS-G5-LR0p001,GraphSAGEPairNorm,65,0,8,128,200,10,pns.4,2048,2048,3,0.7972387075424194,0.9871635437011719,0.18992483615875244,0.950482189655304,0.1508919596672058,test,0.9429956078529358,0.9282721281051636,1.726718783378601,1.726740499868719,128,9.771774291992188,0.07634198665618896,0.8356654047966003,0.007812401745468378,0.3684141318237562
RW-PubMed-H0.1-LOW-LRSENS-G5-LR0p001,GraphSAGEPairNorm,65,0,8,128,200,11,convs.5,2048,2048,3,0.3598945140838623,0.4574691951274872,0.09757468104362488,0.15267592668533325,0.1438688039779663,test,0.45076119899749756,0.5052388310432434,1.3299626111984253,1.050905528914718,128,8.474559783935547,0.06620749831199646,0.9641436338424683,0.006174833048135042,0.3684141318237562
RW-PubMed-H0.1-LOW-LRSENS-G5-LR0p001,GraphSAGEPairNorm,65,0,8,128,200,12,pns.5,2048,2048,3,0.7967926263809204,0.9795734286308289,0.18278080224990845,0.900000810623169,0.14267213642597198,test,0.9475885629653931,0.9219793081283569,1.6826694011688232,1.6826906639588333,128,8.329817771911621,0.06507670134305954,0.8372641205787659,0.007812401745468378,0.3684141318237562
RW-PubMed-H0.1-LOW-LRSENS-G5-LR0p001,GraphSAGEPairNorm,65,0,8,128,200,13,convs.6,2048,2048,3,0.812171995639801,1.0245060920715332,0.21233409643173218,1.1960928440093994,0.18163995444774628,test,0.9609904289245605,1.0257008075714111,2.8899424076080322,2.0375958403872496,128,4.6163530349731445,0.03606525808572769,0.9941214919090271,0.010829268954694271,0.3684141318237562
RW-PubMed-H0.1-LOW-LRSENS-G5-LR0p001,GraphSAGEPairNorm,65,0,8,128,200,14,pns.6,2048,2048,3,0.806003212928772,1.004589319229126,0.198586106300354,1.0290873050689697,0.16227230429649353,test,0.9497788548469543,1.05153226852417,2.08486008644104,2.084875122898213,128,4.591377258300781,0.035870134830474854,0.845300555229187,0.0078124431893229485,0.3684141318237562
RW-PubMed-H0.1-LOW-LRSENS-G5-LR0p001,GraphSAGEPairNorm,65,0,8,128,200,15,convs.7,2048,2048,3,0.7361103296279907,0.9554049372673035,0.21929460763931274,0.8011369705200195,0.24184012413024902,test,0.8992714285850525,1.1181397438049316,12.059036254882812,2.4217118774007997,3,2.3487751483917236,0.7829250494639078,1.7517539262771606,1.5550880432128906,0.3684141318237562
RW-PubMed-H0.1-LOW-LRSENS-G5-LR0p001,GraphSAGEPairNorm,65,0,8,128,300,1,convs.0,2048,2048,3,0.7811985611915588,0.8093331456184387,0.028134584426879883,0.13059484958648682,0.024260859936475754,test,0.8027510046958923,0.7651390433311462,0.030502066016197205,1.2114774846808947,128,119.58952331542969,0.9342931509017944,0.15514668822288513,0.00016096406034193933,0.14553792128144918
RW-PubMed-H0.1-LOW-LRSENS-G5-LR0p001,GraphSAGEPairNorm,65,0,8,128,300,2,pns.0,2048,2048,3,0.9749923944473267,1.0114340782165527,0.036441683769226074,1.4540654420852661,0.02407289296388626,test,0.9998245239257812,0.9661582708358765,1.4797203540802002,1.480438635974934,128,119.66202545166016,0.934859573841095,0.9718664884567261,0.007808709517121315,0.14553792128144918
RW-PubMed-H0.1-LOW-LRSENS-G5-LR0p001,GraphSAGEPairNorm,65,0,8,128,300,3,convs.1,2048,2048,3,0.19712944328784943,0.23076538741588593,0.0336359441280365,0.042119622230529785,0.09905938804149628,test,0.25195640325546265,0.2673886716365814,0.252978652715683,0.47946176141423386,128,82.45481872558594,0.6441782712936401,0.6979233622550964,0.0012558872113004327,0.14553792128144918
RW-PubMed-H0.1-LOW-LRSENS-G5-LR0p001,GraphSAGEPairNorm,65,0,8,128,300,4,pns.1,2048,2048,3,0.9108894467353821,1.0386215448379517,0.12773209810256958,1.4113463163375854,0.10331180691719055,test,0.9971787333488464,0.9612060189247131,1.5736069679260254,1.5737048014466708,128,83.6209716796875,0.6532888412475586,0.9240249395370483,0.007812013383954763,0.14553792128144918
RW-PubMed-H0.1-LOW-LRSENS-G5-LR0p001,GraphSAGEPairNorm,65,0,8,128,300,5,convs.2,2048,2048,3,0.7251702547073364,0.9160502552986145,0.19088000059127808,0.6770861744880676,0.19274362921714783,test,0.8583718538284302,0.9276569485664368,1.0837461948394775,2.0776292993220085,128,34.213951110839844,0.2672964930534363,0.6246095299720764,0.00369785213842988,0.14553792128144918
RW-PubMed-H0.1-LOW-LRSENS-G5-LR0p001,GraphSAGEPairNorm,65,0,8,128,300,6,pns.2,2048,2048,3,0.8449525237083435,1.0522300004959106,0.20727747678756714,1.3161786794662476,0.18076683580875397,test,0.9953111410140991,1.1146384477615356,2.2895963191986084,2.289644767277979,128,34.71488952636719,0.27121007442474365,0.8577204346656799,0.0078123342245817184,0.14553792128144918
RW-PubMed-H0.1-LOW-LRSENS-G5-LR0p001,GraphSAGEPairNorm,65,0,8,128,300,7,convs.3,2048,2048,3,0.41948601603507996,0.5219225287437439,0.10243651270866394,0.17682981491088867,0.13221070170402527,test,0.49447721242904663,0.5263111591339111,1.368370532989502,1.4099967970598053,128,12.782201766967773,0.09986095130443573,0.8032110333442688,0.005116240121424198,0.14553792128144918
RW-PubMed-H0.1-LOW-LRSENS-G5-LR0p001,GraphSAGEPairNorm,65,0,8,128,300,8,pns.3,2048,2048,3,0.817503809928894,0.9796181321144104,0.16211432218551636,0.8925408124923706,0.11878222227096558,test,0.9538676738739014,1.033887267112732,2.089470386505127,2.0895020206876547,128,12.625284194946289,0.09863503277301788,0.8256886601448059,0.007812381722033024,0.14553792128144918
RW-PubMed-H0.1-LOW-LRSENS-G5-LR0p001,GraphSAGEPairNorm,65,0,8,128,300,9,convs.4,2048,2048,3,0.4282190501689911,0.49812665581703186,0.06990760564804077,0.12358599901199341,0.06437618285417557,test,0.4827423095703125,0.49805814027786255,1.4350452423095703,1.151565869048234,128,8.388751029968262,0.06553711742162704,0.8371163010597229,0.006875724531710148,0.14553792128144918
RW-PubMed-H0.1-LOW-LRSENS-G5-LR0p001,GraphSAGEPairNorm,65,0,8,128,300,10,pns.4,2048,2048,3,0.7987264394760132,0.9073382616043091,0.1086118221282959,0.5411065816879272,0.07156464457511902,test,0.9140248894691467,0.9262558817863464,1.6305429935455322,1.6305613622723503,128,8.491300582885742,0.06633828580379486,0.8028963208198547,0.007812411058694124,0.14553792128144918
RW-PubMed-H0.1-LOW-LRSENS-G5-LR0p001,GraphSAGEPairNorm,65,0,8,128,300,11,convs.5,2048,2048,3,0.26009324193000793,0.30986976623535156,0.04977652430534363,0.06779003143310547,0.08834657818078995,test,0.30715668201446533,0.3634170591831207,0.5464496612548828,0.8262891029099416,128,9.756098747253418,0.07621952146291733,0.7316511273384094,0.0025149448774755,0.14553792128144918
RW-PubMed-H0.1-LOW-LRSENS-G5-LR0p001,GraphSAGEPairNorm,65,0,8,128,300,12,pns.5,2048,2048,3,0.8283686637878418,0.9543302655220032,0.12596160173416138,0.7410174608230591,0.09462077170610428,test,0.92058265209198,0.8731337785720825,1.6974546909332275,1.6975076077269817,128,9.922931671142578,0.07752290368080139,0.8035016655921936,0.007812256924808025,0.14553792128144918
RW-PubMed-H0.1-LOW-LRSENS-G5-LR0p001,GraphSAGEPairNorm,65,0,8,128,300,13,convs.6,2048,2048,3,0.7991164922714233,0.9484685063362122,0.14935201406478882,0.72391277551651,0.1165628507733345,test,0.9041109085083008,1.0057154893875122,1.8545465469360352,2.3645175185146567,128,4.396432876586914,0.034347131848335266,0.7114784717559814,0.006113200914114714,0.14553792128144918
RW-PubMed-H0.1-LOW-LRSENS-G5-LR0p001,GraphSAGEPairNorm,65,0,8,128,300,14,pns.6,2048,2048,3,0.7973239421844482,0.957023561000824,0.15969961881637573,0.7702253460884094,0.12444183975458145,test,0.9229753017425537,1.0122053623199463,2.370028257369995,2.370058770936401,128,4.317434310913086,0.033729955554008484,0.8024735450744629,0.0078123994171619415,0.14553792128144918
RW-PubMed-H0.1-LOW-LRSENS-G5-LR0p001,GraphSAGEPairNorm,65,0,8,128,300,15,convs.7,2048,2048,3,0.7285594344139099,0.9129408597946167,0.1843814253807068,0.6626664400100708,0.18866336345672607,test,0.8701637983322144,1.0495473146438599,18.068161010742188,2.3812545695248373,3,2.4562809467315674,0.8187603155771891,2.1046183109283447,2.3994860649108887,0.14553792128144918
RW-PubMed-H0.1-LOW-LRSENS-G5-LR0p001,GraphSAGEPairNorm,65,0,8,128,400,1,convs.0,2048,2048,3,0.7403950095176697,0.7709090709686279,0.030514061450958252,0.11794692277908325,0.02851431630551815,test,0.7725467681884766,0.7253074049949646,0.02996751479804516,1.160850181104521,128,119.24559020996094,0.9316061735153198,0.1573302298784256,0.00015772291226312518,0.43740736799320806
RW-PubMed-H0.1-LOW-LRSENS-G5-LR0p001,GraphSAGEPairNorm,65,0,8,128,400,2,pns.0,2048,2048,3,0.9734623432159424,1.0125648975372314,0.03910255432128906,1.4627645015716553,0.02621614933013916,test,0.9996238946914673,0.9672665596008301,1.4836483001708984,1.4843831829260221,128,118.89363098144531,0.9288564920425415,0.9721797108650208,0.007808632217347622,0.43740736799320806
RW-PubMed-H0.1-LOW-LRSENS-G5-LR0p001,GraphSAGEPairNorm,65,0,8,128,400,3,convs.1,2048,2048,3,0.18698883056640625,0.22282859683036804,0.03583976626396179,0.04438304901123047,0.11201515048742294,test,0.2376280426979065,0.2627617418766022,0.22133946418762207,0.4733566247441667,128,77.33734130859375,0.6041979789733887,0.6571911573410034,0.0010941711952909827,0.43740736799320806
RW-PubMed-H0.1-LOW-LRSENS-G5-LR0p001,GraphSAGEPairNorm,65,0,8,128,400,4,pns.1,2048,2048,3,0.9003761410713196,1.0444893836975098,0.14411324262619019,1.4383124113082886,0.11245058476924896,test,0.9941704869270325,0.959900975227356,1.5802748203277588,1.580387481655363,128,77.38533782958984,0.6045729517936707,0.9201095104217529,0.007811942137777805,0.43740736799320806
RW-PubMed-H0.1-LOW-LRSENS-G5-LR0p001,GraphSAGEPairNorm,65,0,8,128,400,5,convs.2,2048,2048,3,0.7010293006896973,0.8961044549942017,0.1950751543045044,0.6344936490058899,0.19865337014198303,test,0.824793815612793,0.8723170757293701,0.9477356672286987,1.9595268430820527,128,28.07478904724121,0.21933428943157196,0.6061260104179382,0.003337972331792116,0.43740736799320806
RW-PubMed-H0.1-LOW-LRSENS-G5-LR0p001,GraphSAGEPairNorm,65,0,8,128,400,6,pns.2,2048,2048,3,0.8483120799064636,1.0512549877166748,0.20294290781021118,1.3193504810333252,0.18368975818157196,test,0.9919389486312866,1.1102979183197021,2.218116044998169,2.218168269185205,128,27.651275634765625,0.21602559089660645,0.8626838326454163,0.007812315598130226,0.43740736799320806
RW-PubMed-H0.1-LOW-LRSENS-G5-LR0p001,GraphSAGEPairNorm,65,0,8,128,400,7,convs.3,2048,2048,3,0.3925895690917969,0.49509334564208984,0.10250377655029297,0.1675770878791809,0.1515151709318161,test,0.46975529193878174,0.5058425068855286,1.1707618236541748,1.363960992156267,128,10.666760444641113,0.0833340659737587,0.7543957233428955,0.004392205271869898,0.43740736799320806
RW-PubMed-H0.1-LOW-LRSENS-G5-LR0p001,GraphSAGEPairNorm,65,0,8,128,400,8,pns.3,2048,2048,3,0.8052741885185242,0.9622983336448669,0.15702414512634277,0.8505847454071045,0.1350833624601364,test,0.9499918222427368,1.030887246131897,2.0824193954467773,2.0824565085468327,128,10.680991172790527,0.083445243537426,0.8304235339164734,0.007812360301613808,0.43740736799320806
RW-PubMed-H0.1-LOW-LRSENS-G5-LR0p001,GraphSAGEPairNorm,65,0,8,128,400,9,convs.4,2048,2048,3,0.5009981989860535,0.5790167450904846,0.07801854610443115,0.15758895874023438,0.07904426753520966,test,0.5498957633972168,0.5680205821990967,1.2874542474746704,1.2424146488741312,128,8.29775619506836,0.06482622027397156,0.7593021392822266,0.006000472232699394,0.43740736799320806
RW-PubMed-H0.1-LOW-LRSENS-G5-LR0p001,GraphSAGEPairNorm,65,0,8,128,400,10,pns.4,2048,2048,3,0.7947916984558105,0.8964502811431885,0.10165858268737793,0.5037903785705566,0.07337956130504608,test,0.9080238938331604,0.950637698173523,1.6762189865112305,1.6762408671826072,128,8.267434120178223,0.06458932906389236,0.8032786846160889,0.007812398485839367,0.43740736799320806
RW-PubMed-H0.1-LOW-LRSENS-G5-LR0p001,GraphSAGEPairNorm,65,0,8,128,400,11,convs.5,2048,2048,3,0.2231578230857849,0.2589433491230011,0.035785526037216187,0.04644995927810669,0.07583992928266525,test,0.27593082189559937,0.3454977571964264,0.36663588881492615,0.7603275705523952,128,10.537078857421875,0.0823209285736084,0.6445709466934204,0.0015524915652349591,0.43740736799320806
RW-PubMed-H0.1-LOW-LRSENS-G5-LR0p001,GraphSAGEPairNorm,65,0,8,128,400,12,pns.5,2048,2048,3,0.8181252479553223,0.9265987277030945,0.10847347974777222,0.6062362790107727,0.08617033809423447,test,0.9255499839782715,0.8879649043083191,1.8449044227600098,1.844997237781804,128,10.37358570098877,0.08104363828897476,0.8119065761566162,0.007812106050550938,0.43740736799320806
RW-PubMed-H0.1-LOW-LRSENS-G5-LR0p001,GraphSAGEPairNorm,65,0,8,128,400,13,convs.6,2048,2048,3,0.7665185332298279,0.8998616933822632,0.1333431601524353,0.567785918712616,0.10918880254030228,test,0.8807741403579712,0.9917460680007935,1.275242805480957,2.4939430880377826,128,4.479276657104492,0.034994348883628845,0.570600152015686,0.003984544426202774,0.43740736799320806
RW-PubMed-H0.1-LOW-LRSENS-G5-LR0p001,GraphSAGEPairNorm,65,0,8,128,400,14,pns.6,2048,2048,3,0.7673191428184509,0.9151292443275452,0.14781010150909424,0.6469112038612366,0.12459616363048553,test,0.9095335006713867,1.000417947769165,2.50032114982605,2.5003698838324553,128,4.516544342041016,0.035285502672195435,0.7930073142051697,0.007812347263097763,0.43740736799320806
RW-PubMed-H0.1-LOW-LRSENS-G5-LR0p001,GraphSAGEPairNorm,65,0,8,128,400,15,convs.7,2048,2048,3,0.727098286151886,0.9025358557701111,0.1754375696182251,0.628932535648346,0.17514048516750336,test,0.8731393218040466,1.0438119173049927,21.84653663635254,2.4261103879371837,3,2.5116615295410156,0.8372205098470052,2.2933011054992676,2.8531157970428467,0.43740736799320806
RW-PubMed-H0.1-LOW-LRSENS-G5-LR0p001,GraphSAGEPairNorm,65,0,8,128,600,1,convs.0,2048,2048,3,0.7028465867042542,0.7345272302627563,0.0316806435585022,0.1077108383178711,0.029719505459070206,test,0.7320668697357178,0.688966691493988,0.03153938427567482,1.1102315703227896,128,118.54898834228516,0.9261639714241028,0.16530746221542358,0.0001654114166740328,0.2503823287453994
RW-PubMed-H0.1-LOW-LRSENS-G5-LR0p001,GraphSAGEPairNorm,65,0,8,128,600,2,pns.0,2048,2048,3,0.9713503122329712,1.0132830142974854,0.04193270206451416,1.4624375104904175,0.027679722756147385,test,0.9997189044952393,0.9658076763153076,1.488924264907837,1.4896276492021667,128,118.39176940917969,0.9249356985092163,0.9722573757171631,0.007808811031281948,0.2503823287453994
RW-PubMed-H0.1-LOW-LRSENS-G5-LR0p001,GraphSAGEPairNorm,65,0,8,128,600,3,convs.1,2048,2048,3,0.1833328902721405,0.2246435284614563,0.041310638189315796,0.05086672306060791,0.12500493228435516,test,0.2336522340774536,0.25577878952026367,0.20020821690559387,0.46713781862262943,128,68.79060363769531,0.5374265909194946,0.6282849907875061,0.0009986686054617167,0.2503823287453994
RW-PubMed-H0.1-LOW-LRSENS-G5-LR0p001,GraphSAGEPairNorm,65,0,8,128,600,4,pns.1,2048,2048,3,0.8963456153869629,1.0466513633728027,0.15030574798583984,1.439078688621521,0.120498888194561,test,0.994141161441803,0.9595232009887695,1.5660896301269531,1.5662122033013663,128,68.47600555419922,0.5349687933921814,0.9131832718849182,0.007811889052391052,0.2503823287453994
RW-PubMed-H0.1-LOW-LRSENS-G5-LR0p001,GraphSAGEPairNorm,65,0,8,128,600,5,convs.2,2048,2048,3,0.714469313621521,0.9135884046554565,0.19911909103393555,0.6945292353630066,0.21142251789569855,test,0.8444128632545471,0.8518761992454529,0.8362789154052734,1.847581096337721,128,19.298221588134766,0.15076735615730286,0.5868432521820068,0.003133052960038185,0.2503823287453994
RW-PubMed-H0.1-LOW-LRSENS-G5-LR0p001,GraphSAGEPairNorm,65,0,8,128,600,6,pns.2,2048,2048,3,0.8267192840576172,1.0671221017837524,0.24040281772613525,1.3835829496383667,0.2103869616985321,test,0.995023250579834,1.1025161743164062,2.085271120071411,2.0853231996548565,128,19.195959091186523,0.14996843039989471,0.8652207255363464,0.007812304422259331,0.2503823287453994
RW-PubMed-H0.1-LOW-LRSENS-G5-LR0p001,GraphSAGEPairNorm,65,0,8,128,600,7,convs.3,2048,2048,3,0.45025479793548584,0.5685626268386841,0.11830782890319824,0.213823139667511,0.15754398703575134,test,0.5410674214363098,0.6017190217971802,1.1691102981567383,1.5230301989812982,128,8.23117446899414,0.06430605053901672,0.7134055495262146,0.004205089993774891,0.2503823287453994
RW-PubMed-H0.1-LOW-LRSENS-G5-LR0p001,GraphSAGEPairNorm,65,0,8,128,600,8,pns.3,2048,2048,3,0.791733980178833,0.9897786378860474,0.19804465770721436,0.9663516879081726,0.17475749552249908,test,0.9522297978401184,1.0878645181655884,2.172011613845825,2.1720520067349733,128,8.180414199829102,0.06390948593616486,0.8337260484695435,0.00781235471367836,0.2503823287453994
RW-PubMed-H0.1-LOW-LRSENS-G5-LR0p001,GraphSAGEPairNorm,65,0,8,128,600,9,convs.4,2048,2048,3,0.531678318977356,0.6264016032218933,0.09472328424453735,0.20068204402923584,0.09817057102918625,test,0.5979249477386475,0.5875211954116821,1.071984887123108,1.196197372823914,128,7.703070640563965,0.060180239379405975,0.7073974609375,0.0052037048153579235,0.2503823287453994
RW-PubMed-H0.1-LOW-LRSENS-G5-LR0p001,GraphSAGEPairNorm,65,0,8,128,600,10,pns.4,2048,2048,3,0.8001096248626709,0.9335024952888489,0.13339287042617798,0.6837142109870911,0.10658290237188339,test,0.9130092263221741,0.9669121503829956,1.609383225440979,1.6094073993363758,128,7.655805587768555,0.059810981154441833,0.8126177787780762,0.007812381722033024,0.2503823287453994
RW-PubMed-H0.1-LOW-LRSENS-G5-LR0p001,GraphSAGEPairNorm,65,0,8,128,600,11,convs.5,2048,2048,3,0.2419544905424118,0.289151132106781,0.0471966415643692,0.06278097629547119,0.09476501494646072,test,0.3031192421913147,0.36912378668785095,0.28963667154312134,0.7051245374218092,128,10.178646087646484,0.07952067255973816,0.6014970541000366,0.0013209275202825665,0.2503823287453994
RW-PubMed-H0.1-LOW-LRSENS-G5-LR0p001,GraphSAGEPairNorm,65,0,8,128,600,12,pns.5,2048,2048,3,0.8547645807266235,0.9707832336425781,0.11601865291595459,0.8068225383758545,0.08924945443868637,test,0.9500197768211365,0.8880949020385742,1.7129271030426025,1.7130281864347798,128,10.17381763458252,0.07948295027017593,0.8438726663589478,0.007812038995325565,0.2503823287453994
RW-PubMed-H0.1-LOW-LRSENS-G5-LR0p001,GraphSAGEPairNorm,65,0,8,128,600,13,convs.6,2048,2048,3,0.7826928496360779,0.9068817496299744,0.12418889999389648,0.5707962512969971,0.10734730958938599,test,0.8787702918052673,0.9814521074295044,0.8252240419387817,2.4639122620591887,128,4.744530200958252,0.03706664219498634,0.48633790016174316,0.002593584591522813,0.2503823287453994
RW-PubMed-H0.1-LOW-LRSENS-G5-LR0p001,GraphSAGEPairNorm,65,0,8,128,600,14,pns.6,2048,2048,3,0.790378987789154,0.9353253245353699,0.14494633674621582,0.6904588341712952,0.12632645666599274,test,0.9256002306938171,1.0016735792160034,2.4856979846954346,2.4857728073160468,128,4.707272529602051,0.03677556663751602,0.8217359781265259,0.007812264375388622,0.2503823287453994
RW-PubMed-H0.1-LOW-LRSENS-G5-LR0p001,GraphSAGEPairNorm,65,0,8,128,600,15,convs.7,2048,2048,3,0.7362221479415894,0.9038257002830505,0.16760355234146118,0.6083428859710693,0.16620831191539764,test,0.8809582591056824,1.044449806213379,27.051027297973633,2.407425328167515,3,2.5075888633728027,0.835862954457601,2.6308047771453857,3.5629501342773438,0.2503823287453994
RW-PubMed-H0.1-LOW-LRSENS-G5-LR0p001,GraphSAGEPairNorm,65,0,8,128,800,1,convs.0,2048,2048,3,0.7012228965759277,0.7334983348846436,0.03227543830871582,0.108387291431427,0.03062707558274269,test,0.7320634126663208,0.6864700317382812,0.033715203404426575,1.1131270148497603,128,117.73326873779297,0.9197911620140076,0.17062914371490479,0.00017602587467990816,0.09812119473984372
RW-PubMed-H0.1-LOW-LRSENS-G5-LR0p001,GraphSAGEPairNorm,65,0,8,128,800,2,pns.0,2048,2048,3,0.967042088508606,1.015315294265747,0.04827320575714111,1.4611773490905762,0.032063599675893784,test,0.9998258948326111,0.9642285704612732,1.4957070350646973,1.4963707918782925,128,117.6991958618164,0.9195249676704407,0.9723361134529114,0.007809034548699856,0.09812119473984372
RW-PubMed-H0.1-LOW-LRSENS-G5-LR0p001,GraphSAGEPairNorm,65,0,8,128,800,3,convs.1,2048,2048,3,0.19017250835895538,0.24587500095367432,0.05570249259471893,0.06917953491210938,0.16152015328407288,test,0.25283974409103394,0.2709239423274994,0.19333821535110474,0.49230346367090516,128,64.43537139892578,0.5034013390541077,0.6010065674781799,0.0009776426013559103,0.09812119473984372
RW-PubMed-H0.1-LOW-LRSENS-G5-LR0p001,GraphSAGEPairNorm,65,0,8,128,800,4,pns.1,2048,2048,3,0.8672207593917847,1.0595828294754028,0.19236207008361816,1.4345189332962036,0.15647020936012268,test,0.9945871829986572,0.9700061678886414,1.5448732376098633,1.544996913126369,128,63.9660758972168,0.4997349679470062,0.9126536846160889,0.007811875082552433,0.09812119473984372
RW-PubMed-H0.1-LOW-LRSENS-G5-LR0p001,GraphSAGEPairNorm,65,0,8,128,800,5,convs.2,2048,2048,3,0.7191439867019653,0.9461174607276917,0.22697347402572632,0.7957807183265686,0.22983327507972717,test,0.859778881072998,0.8806332349777222,0.8473710417747498,1.7692663958314263,128,16.306278228759766,0.12739279866218567,0.6057347059249878,0.0034138718619942665,0.09812119473984372
RW-PubMed-H0.1-LOW-LRSENS-G5-LR0p001,GraphSAGEPairNorm,65,0,8,128,800,6,pns.2,2048,2048,3,0.811809778213501,1.0772050619125366,0.26539528369903564,1.3963792324066162,0.23442979156970978,test,0.9957215785980225,1.0956040620803833,1.9391276836395264,1.939172183352148,128,16.12607765197754,0.12598498165607452,0.866106390953064,0.0078123207204043865,0.09812119473984372
RW-PubMed-H0.1-LOW-LRSENS-G5-LR0p001,GraphSAGEPairNorm,65,0,8,128,800,7,convs.3,2048,2048,3,0.48293888568878174,0.643548846244812,0.16060996055603027,0.307331919670105,0.20863282680511475,test,0.596882700920105,0.6514283418655396,1.0735304355621338,1.526879220919816,128,8.011935234069824,0.0625932440161705,0.6988992691040039,0.00399498175829649,0.09812119473984372
RW-PubMed-H0.1-LOW-LRSENS-G5-LR0p001,GraphSAGEPairNorm,65,0,8,128,800,8,pns.3,2048,2048,3,0.7993798851966858,1.0046539306640625,0.2052740454673767,1.0269899368286133,0.1796371340751648,test,0.9585825204849243,1.0961427688598633,2.099332094192505,2.0993732627513078,128,8.134458541870117,0.06355045735836029,0.8457087874412537,0.00781234772875905,0.09812119473984372
RW-PubMed-H0.1-LOW-LRSENS-G5-LR0p001,GraphSAGEPairNorm,65,0,8,128,800,9,convs.4,2048,2048,3,0.5376125574111938,0.6468708515167236,0.10925829410552979,0.23435240983963013,0.10339329391717911,test,0.6082140207290649,0.5952383279800415,0.9580198526382446,1.1573288840031126,128,7.682278156280518,0.060017798095941544,0.6963874697685242,0.004788492806255817,0.09812119473984372
RW-PubMed-H0.1-LOW-LRSENS-G5-LR0p001,GraphSAGEPairNorm,65,0,8,128,800,10,pns.4,2048,2048,3,0.8137104511260986,0.9492733478546143,0.13556289672851562,0.7412514686584473,0.09567155689001083,test,0.92540043592453,0.9678305387496948,1.562998652458191,1.5630243655875267,128,7.6892523765563965,0.06007228419184685,0.8263224959373474,0.00781237194314599,0.09812119473984372
RW-PubMed-H0.1-LOW-LRSENS-G5-LR0p001,GraphSAGEPairNorm,65,0,8,128,800,11,convs.5,2048,2048,3,0.2677921652793884,0.34250783920288086,0.07471567392349243,0.10277891159057617,0.14043286442756653,test,0.3417784571647644,0.43282243609428406,0.30200231075286865,0.8063215317307929,128,9.859307289123535,0.07702583819627762,0.5779188275337219,0.0012795926304534078,0.09812119473984372
RW-PubMed-H0.1-LOW-LRSENS-G5-LR0p001,GraphSAGEPairNorm,65,0,8,128,800,12,pns.5,2048,2048,3,0.8445475697517395,0.9985700249671936,0.1540224552154541,0.9847071170806885,0.11864315718412399,test,0.9650923609733582,0.968372106552124,1.84375,1.8438628701667583,128,9.982298851013184,0.0779867097735405,0.8624107241630554,0.007812022231519222,0.09812119473984372
RW-PubMed-H0.1-LOW-LRSENS-G5-LR0p001,GraphSAGEPairNorm,65,0,8,128,800,13,convs.6,2048,2048,3,0.7793152928352356,0.9589060544967651,0.17959076166152954,0.7988668084144592,0.1496279537677765,test,0.9101754426956177,1.047394037246704,0.8867491483688354,2.4597215805150503,128,4.66624116897583,0.03645500913262367,0.5091655254364014,0.002800554968416691,0.09812119473984372
RW-PubMed-H0.1-LOW-LRSENS-G5-LR0p001,GraphSAGEPairNorm,65,0,8,128,800,14,pns.6,2048,2048,3,0.8024855852127075,0.9861111640930176,0.18362557888031006,0.9255744218826294,0.15108536183834076,test,0.9394221305847168,1.067683219909668,2.4736287593841553,2.473697763118335,128,4.730536460876465,0.03695731610059738,0.838845431804657,0.007812280207872391,0.09812119473984372
RW-PubMed-H0.1-LOW-LRSENS-G5-LR0p001,GraphSAGEPairNorm,65,0,8,128,800,15,convs.7,2048,2048,3,0.7378676533699036,0.93161940574646,0.1937517523765564,0.7260376214981079,0.19665303826332092,test,0.8911698460578918,1.071068286895752,29.010042190551758,2.388186672970424,3,2.513028860092163,0.8376762866973877,2.8311634063720703,3.855314254760742,0.09812119473984372
RW-PubMed-H0.1-LOW-LRSENS-G5-LR0p001,GraphSAGEPairNorm,65,0,8,128,1000,1,convs.0,2048,2048,3,0.7101743817329407,0.7491795420646667,0.039005160331726074,0.13693463802337646,0.03694313392043114,test,0.7422568798065186,0.7093051671981812,0.03490322828292847,1.1509082724682898,128,116.9577407836914,0.9137323498725891,0.17069381475448608,0.00017975484661292285,0.386021961933314
RW-PubMed-H0.1-LOW-LRSENS-G5-LR0p001,GraphSAGEPairNorm,65,0,8,128,1000,2,pns.0,2048,2048,3,0.9637345671653748,1.0159862041473389,0.05225163698196411,1.4571304321289062,0.035613466054201126,test,0.9998384714126587,0.9649492502212524,1.5163042545318604,1.5169633117663541,128,117.03311157226562,0.9143211841583252,0.9716682434082031,0.007809106260538101,0.386021961933314
RW-PubMed-H0.1-LOW-LRSENS-G5-LR0p001,GraphSAGEPairNorm,65,0,8,128,1000,3,convs.1,2048,2048,3,0.19206532835960388,0.24336735904216766,0.05130203068256378,0.06384432315826416,0.15895013511180878,test,0.251984179019928,0.258277952671051,0.18785808980464935,0.4723482622585925,128,59.80833435058594,0.46725261211395264,0.6040264368057251,0.0009926120983436704,0.386021961933314
RW-PubMed-H0.1-LOW-LRSENS-G5-LR0p001,GraphSAGEPairNorm,65,0,8,128,1000,4,pns.1,2048,2048,3,0.8677647709846497,1.0600875616073608,0.19232279062271118,1.4484171867370605,0.16287508606910706,test,0.992965579032898,0.9579317569732666,1.4784483909606934,1.4785646335334557,128,60.56388473510742,0.47315534949302673,0.9080533385276794,0.007811885327100754,0.386021961933314
RW-PubMed-H0.1-LOW-LRSENS-G5-LR0p001,GraphSAGEPairNorm,65,0,8,128,1000,5,convs.2,2048,2048,3,0.7312864661216736,0.956920862197876,0.2256343960762024,0.8333146572113037,0.22251343727111816,test,0.8706613779067993,0.8558522462844849,0.7160777449607849,1.633228915343259,128,15.133020401000977,0.11822672188282013,0.5815656185150146,0.0031219590455293655,0.386021961933314
RW-PubMed-H0.1-LOW-LRSENS-G5-LR0p001,GraphSAGEPairNorm,65,0,8,128,1000,6,pns.2,2048,2048,3,0.8227347135543823,1.0703020095825195,0.2475672960281372,1.4061421155929565,0.22395534813404083,test,0.9955481886863708,1.0608397722244263,1.7918931245803833,1.7919381974887454,128,15.273077011108398,0.11932091414928436,0.8699045777320862,0.007812303490936756,0.386021961933314
RW-PubMed-H0.1-LOW-LRSENS-G5-LR0p001,GraphSAGEPairNorm,65,0,8,128,1000,7,convs.3,2048,2048,3,0.5199589133262634,0.6552226543426514,0.13526374101638794,0.28031426668167114,0.17120279371738434,test,0.6007144451141357,0.6133328676223755,0.8291028738021851,1.379186105932705,128,8.0964994430542,0.06325390189886093,0.6454557776451111,0.0034258414525538683,0.386021961933314
RW-PubMed-H0.1-LOW-LRSENS-G5-LR0p001,GraphSAGEPairNorm,65,0,8,128,1000,8,pns.3,2048,2048,3,0.7900780439376831,1.005312204360962,0.2152341604232788,1.0654124021530151,0.20549249649047852,test,0.9558205604553223,1.0558220148086548,1.89069402217865,1.8907372977210477,128,8.167677879333496,0.06380998343229294,0.8483632206916809,0.007812321651726961,0.386021961933314
RW-PubMed-H0.1-LOW-LRSENS-G5-LR0p001,GraphSAGEPairNorm,65,0,8,128,1000,9,convs.4,2048,2048,3,0.6016545295715332,0.7034863233566284,0.10183179378509521,0.25445783138275146,0.1064276322722435,test,0.6609747409820557,0.6296066641807556,0.7616084218025208,1.1622274304603342,128,7.873805046081543,0.061514101922512054,0.61933833360672,0.00396612798795104,0.386021961933314
RW-PubMed-H0.1-LOW-LRSENS-G5-LR0p001,GraphSAGEPairNorm,65,0,8,128,1000,10,pns.4,2048,2048,3,0.8037901520729065,0.9291269183158875,0.12533676624298096,0.6557872295379639,0.09058378636837006,test,0.9204499125480652,0.9535751342773438,1.5001903772354126,1.5002200647033144,128,7.85959005355835,0.061403047293424606,0.8209241032600403,0.0078123449347913265,0.386021961933314
RW-PubMed-H0.1-LOW-LRSENS-G5-LR0p001,GraphSAGEPairNorm,65,0,8,128,1000,11,convs.5,2048,2048,3,0.2794252038002014,0.3496755063533783,0.07025030255317688,0.0981287956237793,0.12305567413568497,test,0.3639048933982849,0.4526364803314209,0.2357071191072464,0.8143939390039004,128,10.044255256652832,0.07847074419260025,0.5044134259223938,0.0010459634941071272,0.386021961933314
RW-PubMed-H0.1-LOW-LRSENS-G5-LR0p001,GraphSAGEPairNorm,65,0,8,128,1000,12,pns.5,2048,2048,3,0.8523454070091248,0.9942818880081177,0.14193648099899292,0.9646982550621033,0.11570291966199875,test,0.961151659488678,0.9481752514839172,1.7604094743728638,1.760541274538089,128,10.141879081726074,0.07923343032598495,0.8576533794403076,0.007811915595084429,0.386021961933314
RW-PubMed-H0.1-LOW-LRSENS-G5-LR0p001,GraphSAGEPairNorm,65,0,8,128,1000,13,convs.6,2048,2048,3,0.7900611162185669,0.9594877362251282,0.16942662000656128,0.7931761741638184,0.16097967326641083,test,0.9183239340782166,1.0578619241714478,0.7609348893165588,2.5828811078511875,128,5.099798202514648,0.03984217345714569,0.4670192301273346,0.0022828595247119665,0.386021961933314
RW-PubMed-H0.1-LOW-LRSENS-G5-LR0p001,GraphSAGEPairNorm,65,0,8,128,1000,14,pns.6,2048,2048,3,0.7845763564109802,0.9769110679626465,0.19233471155166626,0.8859407901763916,0.1726446896791458,test,0.9464468955993652,1.0765239000320435,2.6040151119232178,2.604104051090555,128,5.038603782653809,0.03936409205198288,0.8534604907035828,0.007812232710421085,0.386021961933314
RW-PubMed-H0.1-LOW-LRSENS-G5-LR0p001,GraphSAGEPairNorm,65,0,8,128,1000,15,convs.7,2048,2048,3,0.7413918972015381,0.9280247092247009,0.18663281202316284,0.7121754884719849,0.19439852237701416,test,0.8850898742675781,1.0578734874725342,32.77479934692383,2.42293084034716,3,2.4981980323791504,0.8327326774597168,2.989736318588257,4.302985191345215,0.386021961933314
RW-PubMed-H0.1-LOW-LRSENS-G5-LR0p001,GraphSAGEPairNorm,65,0,8,128,1200,1,convs.0,2048,2048,3,0.7127639055252075,0.757273256778717,0.04450935125350952,0.15358686447143555,0.04363793507218361,test,0.7438316345214844,0.7101331949234009,0.0370953343808651,1.1483830588725905,128,116.61209106445312,0.91103196144104,0.1759573221206665,0.00019216501095797867,0.20734576893439702
RW-PubMed-H0.1-LOW-LRSENS-G5-LR0p001,GraphSAGEPairNorm,65,0,8,128,1200,2,pns.0,2048,2048,3,0.9570788145065308,1.0193415880203247,0.062262773513793945,1.4709768295288086,0.043122466653585434,test,0.9996944069862366,0.9654667973518372,1.507503867149353,1.5081168322968144,128,116.55038452148438,0.9105498790740967,0.971466064453125,0.0078093246556818485,0.20734576893439702
RW-PubMed-H0.1-LOW-LRSENS-G5-LR0p001,GraphSAGEPairNorm,65,0,8,128,1200,3,convs.1,2048,2048,3,0.18767498433589935,0.24656721949577332,0.05889223515987396,0.07278120517730713,0.1797599345445633,test,0.2635717988014221,0.26622527837753296,0.20863960683345795,0.48471793092919374,128,58.02680206298828,0.45333439111709595,0.6259188652038574,0.0010899050394073129,0.20734576893439702
RW-PubMed-H0.1-LOW-LRSENS-G5-LR0p001,GraphSAGEPairNorm,65,0,8,128,1200,4,pns.1,2048,2048,3,0.8494869470596313,1.0668002367019653,0.21731328964233398,1.4371662139892578,0.18603721261024475,test,0.992376446723938,0.9702621102333069,1.4954333305358887,1.4955405673564988,128,58.19580078125,0.4546546936035156,0.9066371321678162,0.0078119393438100815,0.20734576893439702
RW-PubMed-H0.1-LOW-LRSENS-G5-LR0p001,GraphSAGEPairNorm,65,0,8,128,1200,5,convs.2,2048,2048,3,0.7263681292533875,0.965019702911377,0.2386515736579895,0.8630441427230835,0.240508034825325,test,0.8862191438674927,0.9024642705917358,0.7548777461051941,1.7177172065603326,128,14.440982818603516,0.11282017827033997,0.5871076583862305,0.0031745703890919685,0.20734576893439702
RW-PubMed-H0.1-LOW-LRSENS-G5-LR0p001,GraphSAGEPairNorm,65,0,8,128,1200,6,pns.2,2048,2048,3,0.7932431101799011,1.086525559425354,0.2932824492454529,1.4143285751342773,0.2706480622291565,test,0.9961696863174438,1.0961439609527588,1.8576804399490356,1.8577263925345482,128,14.263547897338867,0.1114339679479599,0.8756697177886963,0.007812307681888342,0.20734576893439702
RW-PubMed-H0.1-LOW-LRSENS-G5-LR0p001,GraphSAGEPairNorm,65,0,8,128,1200,7,convs.3,2048,2048,3,0.4987766444683075,0.6971758604049683,0.19839921593666077,0.39563220739364624,0.24559080600738525,test,0.6446818113327026,0.7110211253166199,0.9525972008705139,1.5934501549587807,128,7.778594017028809,0.06077026575803757,0.6532692313194275,0.0035077203065156937,0.20734576893439702
RW-PubMed-H0.1-LOW-LRSENS-G5-LR0p001,GraphSAGEPairNorm,65,0,8,128,1200,8,pns.3,2048,2048,3,0.7697770595550537,1.0314840078353882,0.2617069482803345,1.1546483039855957,0.22860945761203766,test,0.9762182235717773,1.1263055801391602,2.12160587310791,2.1216529163649613,128,7.759432315826416,0.060620564967393875,0.8575031161308289,0.007812326308339834,0.20734576893439702
RW-PubMed-H0.1-LOW-LRSENS-G5-LR0p001,GraphSAGEPairNorm,65,0,8,128,1200,9,convs.4,2048,2048,3,0.5701766610145569,0.7125948667526245,0.14241820573806763,0.329975426197052,0.14810527861118317,test,0.6553071141242981,0.6655317544937134,0.8884553909301758,1.2726729704036968,128,7.646433353424072,0.059737760573625565,0.652797520160675,0.004121674690395594,0.20734576893439702
RW-PubMed-H0.1-LOW-LRSENS-G5-LR0p001,GraphSAGEPairNorm,65,0,8,128,1200,10,pns.4,2048,2048,3,0.7892882227897644,0.9636276960372925,0.17433947324752808,0.8712450861930847,0.14457499980926514,test,0.9398235082626343,1.0152082443237305,1.6840063333511353,1.6840381527003292,128,7.724916458129883,0.06035090982913971,0.8384557366371155,0.007812352851033211,0.20734576893439702
RW-PubMed-H0.1-LOW-LRSENS-G5-LR0p001,GraphSAGEPairNorm,65,0,8,128,1200,11,convs.5,2048,2048,3,0.26887109875679016,0.34200793504714966,0.0731368362903595,0.10066771507263184,0.14166606962680817,test,0.3546488285064697,0.4467308521270752,0.26060816645622253,0.8013627244077705,128,10.118419647216797,0.07905015349388123,0.5409164428710938,0.0011177310952916741,0.20734576893439702
RW-PubMed-H0.1-LOW-LRSENS-G5-LR0p001,GraphSAGEPairNorm,65,0,8,128,1200,12,pns.5,2048,2048,3,0.8312180042266846,0.9920042157173157,0.1607862114906311,0.9688681364059448,0.13651293516159058,test,0.9661762714385986,0.9753633737564087,1.8214211463928223,1.821548502230234,128,10.190911293029785,0.0796164944767952,0.8800079822540283,0.007811953779309988,0.20734576893439702
RW-PubMed-H0.1-LOW-LRSENS-G5-LR0p001,GraphSAGEPairNorm,65,0,8,128,1200,13,convs.6,2048,2048,3,0.7478581666946411,0.9219130873680115,0.17405492067337036,0.6947633028030396,0.16710205376148224,test,0.8994859457015991,1.0331602096557617,0.7540597319602966,2.5312236706498035,128,4.923807621002197,0.038467247039079666,0.48319944739341736,0.002279342617839575,0.20734576893439702
RW-PubMed-H0.1-LOW-LRSENS-G5-LR0p001,GraphSAGEPairNorm,65,0,8,128,1200,14,pns.6,2048,2048,3,0.7676774263381958,0.9951524138450623,0.22747498750686646,1.011521339416504,0.21571359038352966,test,0.952569842338562,1.065159797668457,2.5844686031341553,2.5845571828115057,128,4.949854373931885,0.03867073729634285,0.8650633096694946,0.007812232244759798,0.20734576893439702
RW-PubMed-H0.1-LOW-LRSENS-G5-LR0p001,GraphSAGEPairNorm,65,0,8,128,1200,15,convs.7,2048,2048,3,0.7248491048812866,0.9506260752677917,0.22577697038650513,0.8121205568313599,0.25243714451789856,test,0.8876818418502808,1.0788562297821045,37.99054718017578,2.5055371423022175,3,2.45707631111145,0.81902543703715,3.1869382858276367,4.848115921020508,0.20734576893439702
RW-PubMed-H0.1-LOW-LRSENS-G5-LR0p001,GraphSAGEPairNorm,65,0,8,128,1400,1,convs.0,2048,2048,3,0.7329039573669434,0.7783584594726562,0.04545450210571289,0.1703835129737854,0.043825894594192505,test,0.7700092196464539,0.7400437593460083,0.03754076361656189,1.191834527639064,128,116.3436050415039,0.9089344143867493,0.17356374859809875,0.00019280603737570345,0.4106149438477413
RW-PubMed-H0.1-LOW-LRSENS-G5-LR0p001,GraphSAGEPairNorm,65,0,8,128,1400,2,pns.0,2048,2048,3,0.9579346776008606,1.0191705226898193,0.06123584508895874,1.4682950973510742,0.04143363982439041,test,0.9997785687446594,0.9690245985984802,1.5205355882644653,1.5211515846172505,128,115.87134552001953,0.9052448868751526,0.9715389013290405,0.007809335365891457,0.4106149438477413
RW-PubMed-H0.1-LOW-LRSENS-G5-LR0p001,GraphSAGEPairNorm,65,0,8,128,1400,3,convs.1,2048,2048,3,0.2015133798122406,0.2691134810447693,0.06760010123252869,0.08518218994140625,0.19842322170734406,test,0.2732085585594177,0.2979240417480469,0.21494223177433014,0.5366419159705533,128,57.56576156616211,0.4497325122356415,0.6022017598152161,0.0010843391064554453,0.4106149438477413
RW-PubMed-H0.1-LOW-LRSENS-G5-LR0p001,GraphSAGEPairNorm,65,0,8,128,1400,4,pns.1,2048,2048,3,0.8468258380889893,1.0737019777297974,0.2268761396408081,1.4720535278320312,0.196554034948349,test,0.9922288656234741,0.9908528327941895,1.5485148429870605,1.5486265324416313,128,56.413185119628906,0.44072800874710083,0.9070389866828918,0.007811937015503645,0.4106149438477413
RW-PubMed-H0.1-LOW-LRSENS-G5-LR0p001,GraphSAGEPairNorm,65,0,8,128,1400,5,convs.2,2048,2048,3,0.7005172967910767,0.9843153953552246,0.28379809856414795,0.9397716522216797,0.3082714378833771,test,0.8870803117752075,0.90566486120224,0.7285914421081543,1.690909016713926,128,14.327118873596191,0.11193061619997025,0.581279456615448,0.003104789648205042,0.4106149438477413
RW-PubMed-H0.1-LOW-LRSENS-G5-LR0p001,GraphSAGEPairNorm,65,0,8,128,1400,6,pns.2,2048,2048,3,0.7858737707138062,1.0913190841674805,0.3054453134536743,1.4247751235961914,0.2830910384654999,test,0.9975340962409973,1.0914305448532104,1.833289384841919,1.8333352804671403,128,14.192240715026855,0.11087688058614731,0.8760930299758911,0.0078123039565980434,0.4106149438477413
RW-PubMed-H0.1-LOW-LRSENS-G5-LR0p001,GraphSAGEPairNorm,65,0,8,128,1400,7,convs.3,2048,2048,3,0.4879900813102722,0.7002933025360107,0.21230322122573853,0.4110777974128723,0.26638656854629517,test,0.6253122091293335,0.67149418592453,0.8616672158241272,1.5170720726865936,128,8.089529991149902,0.06319945305585861,0.6456372141838074,0.003274722723290324,0.4106149438477413
RW-PubMed-H0.1-LOW-LRSENS-G5-LR0p001,GraphSAGEPairNorm,65,0,8,128,1400,8,pns.3,2048,2048,3,0.7637594938278198,1.0303725004196167,0.2666130065917969,1.146899938583374,0.25574183464050293,test,0.9725963473320007,1.117501974105835,2.055628538131714,2.0556777943654856,128,8.029953956604004,0.06273401528596878,0.8621132969856262,0.007812312804162502,0.4106149438477413
RW-PubMed-H0.1-LOW-LRSENS-G5-LR0p001,GraphSAGEPairNorm,65,0,8,128,1400,9,convs.4,2048,2048,3,0.5570105314254761,0.692396879196167,0.13538634777069092,0.30465298891067505,0.15272442996501923,test,0.6491612195968628,0.6218417882919312,0.7896092534065247,1.2234274562918972,128,7.818938732147217,0.06108545884490013,0.6389484405517578,0.0037446822971105576,0.4106149438477413
RW-PubMed-H0.1-LOW-LRSENS-G5-LR0p001,GraphSAGEPairNorm,65,0,8,128,1400,10,pns.4,2048,2048,3,0.7879419326782227,0.9689788222312927,0.18103688955307007,0.8738691806793213,0.14230893552303314,test,0.9455099701881409,1.0067410469055176,1.6473208665847778,1.6473552330929984,128,7.760785102844238,0.06063113361597061,0.8444581627845764,0.007812337018549442,0.4106149438477413
RW-PubMed-H0.1-LOW-LRSENS-G5-LR0p001,GraphSAGEPairNorm,65,0,8,128,1400,11,convs.5,2048,2048,3,0.28511932492256165,0.3702947199344635,0.08517539501190186,0.11998558044433594,0.15340770781040192,test,0.3731943368911743,0.4643535614013672,0.2519644796848297,0.8116042213086349,128,10.188972473144531,0.07960134744644165,0.5253565907478333,0.001126380288042128,0.4106149438477413
RW-PubMed-H0.1-LOW-LRSENS-G5-LR0p001,GraphSAGEPairNorm,65,0,8,128,1400,12,pns.5,2048,2048,3,0.8166793584823608,1.0155256986618042,0.19884634017944336,1.1010382175445557,0.16087877750396729,test,0.9741038680076599,0.9553447961807251,1.7474879026412964,1.7476090472532484,128,9.990372657775879,0.07804978638887405,0.8805675506591797,0.007811957970261574,0.4106149438477413
RW-PubMed-H0.1-LOW-LRSENS-G5-LR0p001,GraphSAGEPairNorm,65,0,8,128,1400,13,convs.6,2048,2048,3,0.7207162380218506,0.9322627782821655,0.21154654026031494,0.7435005307197571,0.21813543140888214,test,0.8890759944915771,0.9993173480033875,0.6572571992874146,2.426110417936804,128,4.974217891693115,0.03886107727885246,0.468107134103775,0.002049041911959648,0.4106149438477413
RW-PubMed-H0.1-LOW-LRSENS-G5-LR0p001,GraphSAGEPairNorm,65,0,8,128,1400,14,pns.6,2048,2048,3,0.7790843844413757,1.0142579078674316,0.2351735234260559,1.0763705968856812,0.21375329792499542,test,0.9566054940223694,1.0610017776489258,2.505866527557373,2.505962271798624,128,4.957974910736084,0.038734178990125656,0.8765952587127686,0.007812201045453548,0.4106149438477413
RW-PubMed-H0.1-LOW-LRSENS-G5-LR0p001,GraphSAGEPairNorm,65,0,8,128,1400,15,convs.7,2048,2048,3,0.735584557056427,0.9658234715461731,0.2302389144897461,0.8528368473052979,0.24920208752155304,test,0.9043818712234497,1.095301866531372,38.19981002807617,2.4637632094942163,3,2.4534504413604736,0.8178168137868246,3.2574565410614014,4.965522766113281,0.4106149438477413
RW-PubMed-H0.1-LOW-LRSENS-G5-LR0p001,GraphSAGEPairNorm,65,0,8,128,1600,1,convs.0,2048,2048,3,0.7532051801681519,0.7964031100273132,0.04319792985916138,0.1759089231491089,0.03832382336258888,test,0.793698787689209,0.7669199705123901,0.036762431263923645,1.230554559709705,128,115.83312225341797,0.9049462676048279,0.16891752183437347,0.00018763264233712107,0.4893592220395389
RW-PubMed-H0.1-LOW-LRSENS-G5-LR0p001,GraphSAGEPairNorm,65,0,8,128,1600,2,pns.0,2048,2048,3,0.9604955911636353,1.0186814069747925,0.05818581581115723,1.469270944595337,0.03846987336874008,test,0.9997247457504272,0.9699063897132874,1.5300480127334595,1.5306849307716917,128,116.04552459716797,0.9066056609153748,0.9711999297142029,0.007809248752892017,0.4893592220395389
RW-PubMed-H0.1-LOW-LRSENS-G5-LR0p001,GraphSAGEPairNorm,65,0,8,128,1600,3,convs.1,2048,2048,3,0.19949102401733398,0.2481583058834076,0.04866728186607361,0.061183929443359375,0.14112839102745056,test,0.2533073425292969,0.26757052540779114,0.1839357167482376,0.4901719930014669,128,58.138858795166016,0.4542098343372345,0.5843073129653931,0.0009643101366236806,0.4893592220395389
RW-PubMed-H0.1-LOW-LRSENS-G5-LR0p001,GraphSAGEPairNorm,65,0,8,128,1600,4,pns.1,2048,2048,3,0.8670260906219482,1.0616116523742676,0.19458556175231934,1.467220664024353,0.1498807668685913,test,0.994428277015686,0.9692111015319824,1.4900614023208618,1.490182111113608,128,58.23674774169922,0.45497459173202515,0.9075579643249512,0.007811867631971836,0.4893592220395389
RW-PubMed-H0.1-LOW-LRSENS-G5-LR0p001,GraphSAGEPairNorm,65,0,8,128,1600,5,convs.2,2048,2048,3,0.7472381591796875,0.9676536917686462,0.22041553258895874,0.8513718843460083,0.21411001682281494,test,0.8907805681228638,0.8920730948448181,0.6350724697113037,1.5857361040541333,128,14.963506698608398,0.11690239608287811,0.5574724078178406,0.002900408348068595,0.4893592220395389
RW-PubMed-H0.1-LOW-LRSENS-G5-LR0p001,GraphSAGEPairNorm,65,0,8,128,1600,6,pns.2,2048,2048,3,0.8294299244880676,1.069617509841919,0.24018758535385132,1.3668625354766846,0.20743270218372345,test,0.9954321384429932,1.050383448600769,1.7105765342712402,1.71062262066749,128,14.910329818725586,0.11648695170879364,0.8731821179389954,0.00781228905543685,0.4893592220395389
RW-PubMed-H0.1-LOW-LRSENS-G5-LR0p001,GraphSAGEPairNorm,65,0,8,128,1600,7,convs.3,2048,2048,3,0.5283916592597961,0.7070806622505188,0.17868900299072266,0.3703160285949707,0.23106251657009125,test,0.654812216758728,0.7112715244293213,0.8273059129714966,1.5772923108322316,128,8.14228343963623,0.06361158937215805,0.6115332841873169,0.003156031481921673,0.4893592220395389
RW-PubMed-H0.1-LOW-LRSENS-G5-LR0p001,GraphSAGEPairNorm,65,0,8,128,1600,8,pns.3,2048,2048,3,0.8075047731399536,1.0165197849273682,0.20901501178741455,1.0926545858383179,0.1959497183561325,test,0.9692917466163635,1.1188660860061646,2.047877788543701,2.0479289342298177,128,8.03427791595459,0.06276779621839523,0.8501042723655701,0.007812305353581905,0.4893592220395389
RW-PubMed-H0.1-LOW-LRSENS-G5-LR0p001,GraphSAGEPairNorm,65,0,8,128,1600,9,convs.4,2048,2048,3,0.5618094801902771,0.6818057894706726,0.11999630928039551,0.2655448913574219,0.14375098049640656,test,0.6496496796607971,0.6328418850898743,0.7798929810523987,1.2152616543395311,128,7.845400810241699,0.061292193830013275,0.6252150535583496,0.003770202863961458,0.4893592220395389
RW-PubMed-H0.1-LOW-LRSENS-G5-LR0p001,GraphSAGEPairNorm,65,0,8,128,1600,10,pns.4,2048,2048,3,0.8019368052482605,0.9506521821022034,0.14871537685394287,0.7513955235481262,0.11890937387943268,test,0.9402994513511658,1.001835584640503,1.6160368919372559,1.6160705094699743,128,7.767791271209717,0.06068586930632591,0.8340407609939575,0.007812337949872017,0.4893592220395389
RW-PubMed-H0.1-LOW-LRSENS-G5-LR0p001,GraphSAGEPairNorm,65,0,8,128,1600,11,convs.5,2048,2048,3,0.2923649847507477,0.35865017771720886,0.06628519296646118,0.09453487396240234,0.1080445945262909,test,0.36856287717819214,0.4516209661960602,0.2234979271888733,0.7933604538163649,128,10.653968811035156,0.08323413133621216,0.5013473033905029,0.0010156849166378379,0.4893592220395389
RW-PubMed-H0.1-LOW-LRSENS-G5-LR0p001,GraphSAGEPairNorm,65,0,8,128,1600,12,pns.5,2048,2048,3,0.8524366617202759,0.9835296273231506,0.13109296560287476,0.9192420244216919,0.10011054575443268,test,0.9656926393508911,0.943741500377655,1.7189810276031494,1.7191131077287114,128,10.466681480407715,0.08177094906568527,0.8783814311027527,0.007811898831278086,0.4893592220395389
RW-PubMed-H0.1-LOW-LRSENS-G5-LR0p001,GraphSAGEPairNorm,65,0,8,128,1600,13,convs.6,2048,2048,3,0.7286332845687866,0.8879376649856567,0.15930438041687012,0.5978749990463257,0.15236997604370117,test,0.8624207377433777,1.0298051834106445,0.6713962554931641,2.435735521024084,128,5.077631950378418,0.03966899961233139,0.47626712918281555,0.0020751203410327435,0.4893592220395389
RW-PubMed-H0.1-LOW-LRSENS-G5-LR0p001,GraphSAGEPairNorm,65,0,8,128,1600,14,pns.6,2048,2048,3,0.8079993724822998,0.9989948868751526,0.19099551439285278,0.9985951781272888,0.17904402315616608,test,0.9494988918304443,1.068196177482605,2.5276055335998535,2.5277009030980864,128,5.111455917358398,0.03993324935436249,0.8731516003608704,0.007812204770743847,0.4893592220395389
RW-PubMed-H0.1-LOW-LRSENS-G5-LR0p001,GraphSAGEPairNorm,65,0,8,128,1600,15,convs.7,2048,2048,3,0.7486572861671448,0.9419457316398621,0.19328844547271729,0.7548061609268188,0.21397410333156586,test,0.8992614150047302,1.0765694379806519,38.29596710205078,2.4744096706736025,3,2.439718246459961,0.8132394154866537,3.2529075145721436,4.9835004806518555,0.4893592220395389
RW-PubMed-H0.1-LOW-LRSENS-G5-LR0p001,GraphSAGEPairNorm,65,0,8,128,1800,1,convs.0,2048,2048,3,0.7581200003623962,0.8051628470420837,0.0470428466796875,0.18948769569396973,0.04361754283308983,test,0.7983289957046509,0.7739441990852356,0.03616255521774292,1.2394446618577537,128,115.74102783203125,0.9042267799377441,0.16692420840263367,0.00018443840963300318,0.0815485428987457
RW-PubMed-H0.1-LOW-LRSENS-G5-LR0p001,GraphSAGEPairNorm,65,0,8,128,1800,2,pns.0,2048,2048,3,0.9590644240379333,1.0191537141799927,0.060089290142059326,1.472933053970337,0.040786001831293106,test,0.999836802482605,0.9684799313545227,1.531136155128479,1.5317849435692432,128,115.8735580444336,0.9052621722221375,0.9714299440383911,0.0078091914765536785,0.0815485428987457
RW-PubMed-H0.1-LOW-LRSENS-G5-LR0p001,GraphSAGEPairNorm,65,0,8,128,1800,3,convs.1,2048,2048,3,0.21030870079994202,0.27299562096595764,0.06268692016601562,0.07964736223220825,0.19101178646087646,test,0.2780674695968628,0.2859407365322113,0.18390001356601715,0.521874078413632,128,58.03371810913086,0.45338842272758484,0.5663808584213257,0.0009623405057936907,0.0815485428987457
RW-PubMed-H0.1-LOW-LRSENS-G5-LR0p001,GraphSAGEPairNorm,65,0,8,128,1800,4,pns.1,2048,2048,3,0.8491684198379517,1.0694204568862915,0.22025203704833984,1.4648030996322632,0.1885596215724945,test,0.9928064942359924,0.9703311324119568,1.4928210973739624,1.492942385701639,128,58.017005920410156,0.45325785875320435,0.9079083204269409,0.0078118653036653996,0.0815485428987457
RW-PubMed-H0.1-LOW-LRSENS-G5-LR0p001,GraphSAGEPairNorm,65,0,8,128,1800,5,convs.2,2048,2048,3,0.7194730043411255,0.9925575852394104,0.2730845808982849,0.9738178849220276,0.28696325421333313,test,0.8845484256744385,0.8900623917579651,0.6313740611076355,1.626955266290366,128,14.824913024902344,0.11581963300704956,0.5471383929252625,0.0027719205245375633,0.0815485428987457
RW-PubMed-H0.1-LOW-LRSENS-G5-LR0p001,GraphSAGEPairNorm,65,0,8,128,1800,6,pns.2,2048,2048,3,0.8145872354507446,1.070675015449524,0.2560877799987793,1.3974870443344116,0.24532504379749298,test,0.9959337711334229,1.0638811588287354,1.7794415950775146,1.7794919764214039,128,14.472123146057129,0.11306346207857132,0.8745613098144531,0.007812279276549816,0.0815485428987457
RW-PubMed-H0.1-LOW-LRSENS-G5-LR0p001,GraphSAGEPairNorm,65,0,8,128,1800,7,convs.3,2048,2048,3,0.534905195236206,0.7578710317611694,0.22296583652496338,0.4789539575576782,0.2512325048446655,test,0.6887023448944092,0.745009183883667,0.8477182984352112,1.6231751288538754,128,7.723811626434326,0.06034227833151817,0.6055023670196533,0.0032429068814963102,0.0815485428987457
RW-PubMed-H0.1-LOW-LRSENS-G5-LR0p001,GraphSAGEPairNorm,65,0,8,128,1800,8,pns.3,2048,2048,3,0.7640866637229919,1.0311431884765625,0.26705652475357056,1.1744074821472168,0.2522605061531067,test,0.9683722853660583,1.1077207326889038,2.042192220687866,2.0422415201554096,128,7.748074531555176,0.06053183227777481,0.8458688855171204,0.00781231140717864,0.0815485428987457
RW-PubMed-H0.1-LOW-LRSENS-G5-LR0p001,GraphSAGEPairNorm,65,0,8,128,1800,9,convs.4,2048,2048,3,0.5763272047042847,0.698502779006958,0.12217557430267334,0.28949713706970215,0.13171319663524628,test,0.6602272987365723,0.6377487778663635,0.7582869529724121,1.2414479550758193,128,7.624751567840576,0.0595683716237545,0.6139146089553833,0.003631562925875187,0.0815485428987457
RW-PubMed-H0.1-LOW-LRSENS-G5-LR0p001,GraphSAGEPairNorm,65,0,8,128,1800,10,pns.4,2048,2048,3,0.7772073745727539,0.9585303664207458,0.18132299184799194,0.8459448218345642,0.14885711669921875,test,0.9289453029632568,0.9947460293769836,1.6312505006790161,1.63128589320571,128,7.58076810836792,0.059224750846624374,0.8338243961334229,0.007812330964952707,0.0815485428987457
RW-PubMed-H0.1-LOW-LRSENS-G5-LR0p001,GraphSAGEPairNorm,65,0,8,128,1800,11,convs.5,2048,2048,3,0.3140791952610016,0.3932875394821167,0.07920834422111511,0.11585474014282227,0.13968811929225922,test,0.4160960912704468,0.4873722195625305,0.2789286971092224,0.9248131459852572,128,9.789870262145996,0.0764833614230156,0.508967936038971,0.001235486357472837,0.0815485428987457
RW-PubMed-H0.1-LOW-LRSENS-G5-LR0p001,GraphSAGEPairNorm,65,0,8,128,1800,12,pns.5,2048,2048,3,0.8077360391616821,0.9918760061264038,0.18413996696472168,0.9961990118026733,0.1622265726327896,test,0.9554060697555542,0.9511934518814087,1.763671636581421,1.7637832842974617,128,9.72803783416748,0.07600029557943344,0.8605964183807373,0.007812005467712879,0.0815485428987457
RW-PubMed-H0.1-LOW-LRSENS-G5-LR0p001,GraphSAGEPairNorm,65,0,8,128,1800,13,convs.6,2048,2048,3,0.7151647806167603,0.8978278636932373,0.18266308307647705,0.6616193056106567,0.18828608095645905,test,0.8718122243881226,0.9977810382843018,0.5717610716819763,2.4060248950874255,128,5.12460470199585,0.040035974234342575,0.442962646484375,0.0017908827867358923,0.0815485428987457
RW-PubMed-H0.1-LOW-LRSENS-G5-LR0p001,GraphSAGEPairNorm,65,0,8,128,1800,14,pns.6,2048,2048,3,0.7941363453865051,1.0045678615570068,0.2104315161705017,1.0595954656600952,0.20106391608715057,test,0.9561180472373962,1.0532734394073486,2.494126558303833,2.4942356806391235,128,5.116705417633057,0.039974261075258255,0.8791757225990295,0.007812158204615116,0.0815485428987457
RW-PubMed-H0.1-LOW-LRSENS-G5-LR0p001,GraphSAGEPairNorm,65,0,8,128,1800,15,convs.7,2048,2048,3,0.6936407685279846,0.9562596082687378,0.2626188397407532,0.8648295998573303,0.2600984275341034,test,0.9060666561126709,1.0848288536071777,38.21269226074219,2.445061180972819,3,2.419900417327881,0.806633472442627,3.281689167022705,5.049662113189697,0.0815485428987457
RW-PubMed-H0.1-LOW-LRSENS-G5-LR0p001,GraphSAGEPairNorm,65,0,8,128,2000,1,convs.0,2048,2048,3,0.7643434405326843,0.8134229779243469,0.0490795373916626,0.2054758071899414,0.04428485035896301,test,0.8052505254745483,0.7816698551177979,0.03568510338664055,1.2525267859314333,128,115.60600280761719,0.9031718969345093,0.16497613489627838,0.00018222065409645438,0.5516768129931773
RW-PubMed-H0.1-LOW-LRSENS-G5-LR0p001,GraphSAGEPairNorm,65,0,8,128,2000,2,pns.0,2048,2048,3,0.9520163536071777,1.0218464136123657,0.06983006000518799,1.4654282331466675,0.0475202314555645,test,1.000031590461731,0.9704427719116211,1.5293020009994507,1.5299575844451532,128,115.7097396850586,0.9039823412895203,0.9720799326896667,0.007809152361005545,0.5516768129931773
RW-PubMed-H0.1-LOW-LRSENS-G5-LR0p001,GraphSAGEPairNorm,65,0,8,128,2000,3,convs.1,2048,2048,3,0.19595883786678314,0.25896155834198,0.06300272047519684,0.07877951860427856,0.19849702715873718,test,0.27079319953918457,0.2714877724647522,0.18109968304634094,0.5000045255257756,128,57.070465087890625,0.4458630084991455,0.5747700333595276,0.0009503327892161906,0.5516768129931773
RW-PubMed-H0.1-LOW-LRSENS-G5-LR0p001,GraphSAGEPairNorm,65,0,8,128,2000,4,pns.1,2048,2048,3,0.8368489742279053,1.0767704248428345,0.2399214506149292,1.4729807376861572,0.20571596920490265,test,0.9938580393791199,0.9694398641586304,1.4886629581451416,1.488785151073517,128,58.28139114379883,0.45532336831092834,0.9109913110733032,0.00781185831874609,0.5516768129931773
RW-PubMed-H0.1-LOW-LRSENS-G5-LR0p001,GraphSAGEPairNorm,65,0,8,128,2000,5,convs.2,2048,2048,3,0.7344816327095032,1.0056418180465698,0.27116018533706665,1.0145916938781738,0.27401450276374817,test,0.9095180034637451,0.925403356552124,0.6294006705284119,1.6849650695286438,128,14.442022323608398,0.11282829940319061,0.5388941168785095,0.002723995130509138,0.5516768129931773
RW-PubMed-H0.1-LOW-LRSENS-G5-LR0p001,GraphSAGEPairNorm,65,0,8,128,2000,6,pns.2,2048,2048,3,0.7781820893287659,1.0816445350646973,0.3034624457359314,1.3837101459503174,0.2911823093891144,test,0.9949501156806946,1.0708119869232178,1.8050882816314697,1.8051401422946802,128,14.749368667602539,0.11522944271564484,0.8789857029914856,0.00781227508559823,0.5516768129931773
RW-PubMed-H0.1-LOW-LRSENS-G5-LR0p001,GraphSAGEPairNorm,65,0,8,128,2000,7,convs.3,2048,2048,3,0.5514100193977356,0.787121593952179,0.23571157455444336,0.5219851732254028,0.29128438234329224,test,0.714184045791626,0.7998196482658386,0.8760471940040588,1.758419354724859,128,7.649501800537109,0.05976173281669617,0.5908253192901611,0.0031610806472599506,0.5516768129931773
RW-PubMed-H0.1-LOW-LRSENS-G5-LR0p001,GraphSAGEPairNorm,65,0,8,128,2000,8,pns.3,2048,2048,3,0.7425503134727478,1.0286366939544678,0.28608638048171997,1.152212142944336,0.2939046621322632,test,0.969967782497406,1.1302512884140015,2.1650662422180176,2.1651197984645583,128,7.679886341094971,0.05999911203980446,0.8460628390312195,0.007812306750565767,0.5516768129931773
RW-PubMed-H0.1-LOW-LRSENS-G5-LR0p001,GraphSAGEPairNorm,65,0,8,128,2000,9,convs.4,2048,2048,3,0.548410177230835,0.6979256868362427,0.14951550960540771,0.3294001817703247,0.1797080785036087,test,0.6538177728652954,0.6829965114593506,0.8640738725662231,1.4002526428200797,128,7.262210369110107,0.056736018508672714,0.6150643229484558,0.003691269550472498,0.5516768129931773
RW-PubMed-H0.1-LOW-LRSENS-G5-LR0p001,GraphSAGEPairNorm,65,0,8,128,2000,10,pns.4,2048,2048,3,0.758861780166626,0.9632120728492737,0.2043502926826477,0.879458487033844,0.19004489481449127,test,0.9365800619125366,1.024529218673706,1.8287566900253296,1.8287953866936133,128,7.347904682159424,0.0574055053293705,0.8335567712783813,0.0078123342245817184,0.5516768129931773
RW-PubMed-H0.1-LOW-LRSENS-G5-LR0p001,GraphSAGEPairNorm,65,0,8,128,2000,11,convs.5,2048,2048,3,0.31245294213294983,0.41474470496177673,0.1022917628288269,0.14985591173171997,0.18574483692646027,test,0.41728687286376953,0.5050916075706482,0.30821311473846436,1.0100925098717273,128,9.421316146850586,0.0736040323972702,0.5139208436012268,0.0012767481384798884,0.5516768129931773
RW-PubMed-H0.1-LOW-LRSENS-G5-LR0p001,GraphSAGEPairNorm,65,0,8,128,2000,12,pns.5,2048,2048,3,0.7935215830802917,0.9888220429420471,0.19530045986175537,0.970181405544281,0.17568561434745789,test,0.9590928554534912,1.0032979249954224,1.8858592510223389,1.885974699021333,128,9.435650825500488,0.07371602207422256,0.8670482635498047,0.007812021300196648,0.5516768129931773
RW-PubMed-H0.1-LOW-LRSENS-G5-LR0p001,GraphSAGEPairNorm,65,0,8,128,2000,13,convs.6,2048,2048,3,0.7108624577522278,0.9487431645393372,0.23788070678710938,0.8360511660575867,0.2409287989139557,test,0.9043490886688232,1.019747018814087,0.5660280585289001,2.3355899440541803,128,5.172732353210449,0.040411971509456635,0.4490220248699188,0.0018389944452792406,0.5516768129931773
RW-PubMed-H0.1-LOW-LRSENS-G5-LR0p001,GraphSAGEPairNorm,65,0,8,128,2000,14,pns.6,2048,2048,3,0.7828076481819153,1.020268440246582,0.23746079206466675,1.1183632612228394,0.2256936877965927,test,0.9686672687530518,1.0689854621887207,2.404524087905884,2.404626423315182,128,5.2060699462890625,0.0406724214553833,0.8899976015090942,0.007812167517840862,0.5516768129931773
RW-PubMed-H0.1-LOW-LRSENS-G5-LR0p001,GraphSAGEPairNorm,65,0,8,128,2000,15,convs.7,2048,2048,3,0.7062307596206665,0.9557664394378662,0.2495356798171997,0.8625007271766663,0.26714324951171875,test,0.9058734178543091,1.087131381034851,36.928565979003906,2.3625673506418865,3,2.3903450965881348,0.7967816988627116,3.299614667892456,5.062958717346191,0.5516768129931773
RW-PubMed-H0.1-LOW-LRSENS-G5-LR0p001,GraphSAGEPairNorm,65,0,8,128,2200,1,convs.0,2048,2048,3,0.7672784924507141,0.8157062530517578,0.0484277606010437,0.19973886013031006,0.04410923644900322,test,0.8046536445617676,0.7826833128929138,0.039170198142528534,1.2610861980967736,128,115.36705780029297,0.9013051390647888,0.17225870490074158,0.00019886152585968375,0.3336636622687924
RW-PubMed-H0.1-LOW-LRSENS-G5-LR0p001,GraphSAGEPairNorm,65,0,8,128,2200,2,pns.0,2048,2048,3,0.9546077847480774,1.0212124586105347,0.06660467386245728,1.4681353569030762,0.04507594555616379,test,0.9998448491096497,0.9686096906661987,1.5382411479949951,1.5388455064917967,128,115.11752319335938,0.8993556499481201,0.971135139465332,0.007809431292116642,0.3336636622687924
RW-PubMed-H0.1-LOW-LRSENS-G5-LR0p001,GraphSAGEPairNorm,65,0,8,128,2200,3,convs.1,2048,2048,3,0.20809702575206757,0.276532918214798,0.06843589246273041,0.08679133653640747,0.20210474729537964,test,0.2858889102935791,0.29506850242614746,0.212084099650383,0.5417552480825228,128,56.854881286621094,0.4441787600517273,0.5958862900733948,0.0010877554304897785,0.3336636622687924
RW-PubMed-H0.1-LOW-LRSENS-G5-LR0p001,GraphSAGEPairNorm,65,0,8,128,2200,4,pns.1,2048,2048,3,0.8410837054252625,1.073107123374939,0.2320234179496765,1.4481322765350342,0.2017166167497635,test,0.9948089718818665,0.9815312027931213,1.5231252908706665,1.5232347858638615,128,56.15203094482422,0.4386877417564392,0.9076411724090576,0.007811938412487507,0.3336636622687924
RW-PubMed-H0.1-LOW-LRSENS-G5-LR0p001,GraphSAGEPairNorm,65,0,8,128,2200,5,convs.2,2048,2048,3,0.7465699911117554,0.9948084950447083,0.24823850393295288,0.9717161059379578,0.24794718623161316,test,0.8959041237831116,0.9193486571311951,0.7175331711769104,1.6593193187287834,128,14.103606224060059,0.11018442362546921,0.5785536170005798,0.0031096762977540493,0.3336636622687924
RW-PubMed-H0.1-LOW-LRSENS-G5-LR0p001,GraphSAGEPairNorm,65,0,8,128,2200,6,pns.2,2048,2048,3,0.7878556251525879,1.0834946632385254,0.2956390380859375,1.3896806240081787,0.27862071990966797,test,0.9967911243438721,1.0694938898086548,1.8026269674301147,1.802672310335336,128,14.191385269165039,0.11087019741535187,0.8773949146270752,0.007812303490936756,0.3336636622687924
RW-PubMed-H0.1-LOW-LRSENS-G5-LR0p001,GraphSAGEPairNorm,65,0,8,128,2200,7,convs.3,2048,2048,3,0.5653777718544006,0.8332297801971436,0.2678520083427429,0.6059837341308594,0.3183407187461853,test,0.7428926229476929,0.8419513702392578,1.0135672092437744,1.816419479553681,128,7.416525840759277,0.057941608130931854,0.6273201704025269,0.003623896511271596,0.3336636622687924
RW-PubMed-H0.1-LOW-LRSENS-G5-LR0p001,GraphSAGEPairNorm,65,0,8,128,2200,8,pns.3,2048,2048,3,0.7633307576179504,1.0383819341659546,0.27505117654800415,1.182328224182129,0.2835893929004669,test,0.9628995656967163,1.1412546634674072,2.185030221939087,2.1850771086072385,128,7.276953220367432,0.05685119703412056,0.848490834236145,0.007812331896275282,0.3336636622687924
RW-PubMed-H0.1-LOW-LRSENS-G5-LR0p001,GraphSAGEPairNorm,65,0,8,128,2200,9,convs.4,2048,2048,3,0.5466936826705933,0.6973257064819336,0.15063202381134033,0.3332430124282837,0.17678706347942352,test,0.6541305780410767,0.6794887781143188,0.8135896325111389,1.364508055032291,128,7.391145706176758,0.05774332582950592,0.6160057783126831,0.0035419566556811333,0.3336636622687924
RW-PubMed-H0.1-LOW-LRSENS-G5-LR0p001,GraphSAGEPairNorm,65,0,8,128,2200,10,pns.4,2048,2048,3,0.763066291809082,0.9684411287307739,0.2053748369216919,0.9003589749336243,0.18380802869796753,test,0.9418917894363403,1.035913348197937,1.7944961786270142,1.794535968743585,128,7.432143688201904,0.05806362256407738,0.8412307500839233,0.007812326308339834,0.3336636622687924
RW-PubMed-H0.1-LOW-LRSENS-G5-LR0p001,GraphSAGEPairNorm,65,0,8,128,2200,11,convs.5,2048,2048,3,0.3336752951145172,0.43199390172958374,0.09831860661506653,0.14860105514526367,0.17566238343715668,test,0.4253649115562439,0.5081440806388855,0.31254345178604126,0.9898237249972535,128,9.824564933776855,0.07675441354513168,0.5262141823768616,0.0012947130016982555,0.3336636622687924
RW-PubMed-H0.1-LOW-LRSENS-G5-LR0p001,GraphSAGEPairNorm,65,0,8,128,2200,12,pns.5,2048,2048,3,0.7937832474708557,1.0148862600326538,0.2211030125617981,1.0996766090393066,0.19794344902038574,test,0.9655656814575195,1.0005908012390137,1.8858219385147095,1.8859359228030277,128,9.814090728759766,0.07667258381843567,0.8837816715240479,0.007812028750777245,0.3336636622687924
RW-PubMed-H0.1-LOW-LRSENS-G5-LR0p001,GraphSAGEPairNorm,65,0,8,128,2200,13,convs.6,2048,2048,3,0.6583163738250732,0.8878995776176453,0.22958320379257202,0.6814947128295898,0.2757128179073334,test,0.8601759672164917,1.0526982545852661,0.6914855241775513,2.4759945717309346,128,5.0545477867126465,0.03948865458369255,0.49794429540634155,0.0020421696826815605,0.3336636622687924
RW-PubMed-H0.1-LOW-LRSENS-G5-LR0p001,GraphSAGEPairNorm,65,0,8,128,2200,14,pns.6,2048,2048,3,0.7903832197189331,1.0169422626495361,0.22655904293060303,1.0978803634643555,0.23516054451465607,test,0.9619743227958679,1.1154980659484863,2.645237684249878,2.645338753589454,128,4.998911380767822,0.03905399516224861,0.9045190811157227,0.007812201045453548,0.3336636622687924
RW-PubMed-H0.1-LOW-LRSENS-G5-LR0p001,GraphSAGEPairNorm,65,0,8,128,2200,15,convs.7,2048,2048,3,0.7213173508644104,0.9712892770767212,0.2499719262123108,0.9098718166351318,0.2865103781223297,test,0.9063524603843689,1.1076369285583496,40.679237365722656,2.4985588641016405,3,2.335249423980713,0.7784164746602377,3.4428935050964355,5.27726936340332,0.3336636622687924
RW-PubMed-H0.1-LOW-LRSENS-G5-LR0p001,GraphSAGEPairNorm,65,0,8,128,2400,1,convs.0,2048,2048,3,0.7787832021713257,0.8301435112953186,0.05136030912399292,0.2248973846435547,0.045572180300951004,test,0.8155508041381836,0.7842139601707458,0.039228130131959915,1.2590418199360485,128,114.91487884521484,0.897772490978241,0.17236442863941193,0.00020190508803352714,0.09953799236130356
RW-PubMed-H0.1-LOW-LRSENS-G5-LR0p001,GraphSAGEPairNorm,65,0,8,128,2400,2,pns.0,2048,2048,3,0.9508098363876343,1.0215874910354614,0.07077765464782715,1.459230661392212,0.04838808253407478,test,1.0000145435333252,0.9646353721618652,1.5173029899597168,1.5178902522103248,128,114.62979888916016,0.8955453038215637,0.9714664816856384,0.007809477858245373,0.09953799236130356
RW-PubMed-H0.1-LOW-LRSENS-G5-LR0p001,GraphSAGEPairNorm,65,0,8,128,2400,3,convs.1,2048,2048,3,0.19622884690761566,0.26575008034706116,0.0695212334394455,0.08681643009185791,0.20692451298236847,test,0.27709442377090454,0.27321121096611023,0.20707665383815765,0.5067788201601469,128,55.17131805419922,0.4310259222984314,0.6083751916885376,0.0011105953017249703,0.09953799236130356
RW-PubMed-H0.1-LOW-LRSENS-G5-LR0p001,GraphSAGEPairNorm,65,0,8,128,2400,4,pns.1,2048,2048,3,0.8284801244735718,1.0818045139312744,0.25332438945770264,1.4748393297195435,0.2187741994857788,test,0.9941307306289673,0.9783973097801208,1.4565815925598145,1.4566840462192618,128,55.87921142578125,0.436556339263916,0.9037017226219177,0.007811950985342264,0.09953799236130356
RW-PubMed-H0.1-LOW-LRSENS-G5-LR0p001,GraphSAGEPairNorm,65,0,8,128,2400,5,convs.2,2048,2048,3,0.7546298503875732,1.0099819898605347,0.2553521394729614,1.0356154441833496,0.257792204618454,test,0.915594220161438,0.9450547695159912,0.6423376202583313,1.6112304918410487,128,14.112475395202637,0.1102537140250206,0.5562201142311096,0.002925998531281948,0.09953799236130356
RW-PubMed-H0.1-LOW-LRSENS-G5-LR0p001,GraphSAGEPairNorm,65,0,8,128,2400,6,pns.2,2048,2048,3,0.7723173499107361,1.0963448286056519,0.32402747869491577,1.4268615245819092,0.3138478696346283,test,0.9947405457496643,1.0623846054077148,1.7150136232376099,1.715059420264976,128,14.158373832702637,0.11061229556798935,0.8781998753547668,0.007812290918081999,0.09953799236130356
RW-PubMed-H0.1-LOW-LRSENS-G5-LR0p001,GraphSAGEPairNorm,65,0,8,128,2400,7,convs.3,2048,2048,3,0.570078432559967,0.8369209170341492,0.26684248447418213,0.6181180477142334,0.3120209872722626,test,0.7466366291046143,0.8280248641967773,0.8787298202514648,1.7159374947259503,128,7.448548793792725,0.05819178745150566,0.6067415475845337,0.003329869592562318,0.09953799236130356
RW-PubMed-H0.1-LOW-LRSENS-G5-LR0p001,GraphSAGEPairNorm,65,0,8,128,2400,8,pns.3,2048,2048,3,0.7243637442588806,1.0539774894714355,0.32961374521255493,1.237499713897705,0.35029175877571106,test,0.970660388469696,1.132824420928955,2.061616897583008,2.0616650684301154,128,7.636822700500488,0.059662677347660065,0.8551290035247803,0.007812316529452801,0.09953799236130356
RW-PubMed-H0.1-LOW-LRSENS-G5-LR0p001,GraphSAGEPairNorm,65,0,8,128,2400,9,convs.4,2048,2048,3,0.5411221385002136,0.7021948099136353,0.16107267141342163,0.35091471672058105,0.1845606416463852,test,0.6469928026199341,0.651005208492279,0.8023597002029419,1.2740360776947088,128,7.313425540924072,0.057136137038469315,0.6372863054275513,0.0037163863889873028,0.09953799236130356
RW-PubMed-H0.1-LOW-LRSENS-G5-LR0p001,GraphSAGEPairNorm,65,0,8,128,2400,10,pns.4,2048,2048,3,0.7658453583717346,0.9639022946357727,0.19805693626403809,0.8878375291824341,0.18132883310317993,test,0.9537034630775452,1.0176125764846802,1.6866662502288818,1.6867016386375904,128,7.4593963623046875,0.05827653408050537,0.8449571132659912,0.00781233562156558,0.09953799236130356
RW-PubMed-H0.1-LOW-LRSENS-G5-LR0p001,GraphSAGEPairNorm,65,0,8,128,2400,11,convs.5,2048,2048,3,0.3294387459754944,0.425981730222702,0.09654298424720764,0.14490759372711182,0.16668324172496796,test,0.4314206838607788,0.4900989234447479,0.3043835461139679,0.8963042146254236,128,9.620440483093262,0.07515969127416611,0.5421791076660156,0.0014138009864836931,0.09953799236130356
RW-PubMed-H0.1-LOW-LRSENS-G5-LR0p001,GraphSAGEPairNorm,65,0,8,128,2400,12,pns.5,2048,2048,3,0.7917924523353577,1.0130610466003418,0.22126859426498413,1.1009926795959473,0.1921328604221344,test,0.9743044972419739,0.9675130844116211,1.6818952560424805,1.6819881917866342,128,9.41511344909668,0.07355557382106781,0.8782832026481628,0.007812068797647953,0.09953799236130356
RW-PubMed-H0.1-LOW-LRSENS-G5-LR0p001,GraphSAGEPairNorm,65,0,8,128,2400,13,convs.6,2048,2048,3,0.7205356955528259,0.9737219214439392,0.2531862258911133,0.9316467046737671,0.248856320977211,test,0.9192267060279846,1.0215623378753662,0.5778599381446838,2.1621356229876088,128,5.018741607666016,0.03920891880989075,0.4787135422229767,0.0020217394921928644,0.09953799236130356
RW-PubMed-H0.1-LOW-LRSENS-G5-LR0p001,GraphSAGEPairNorm,65,0,8,128,2400,14,pns.6,2048,2048,3,0.7873873710632324,1.0472722053527832,0.2598848342895508,1.2389792203903198,0.239177405834198,test,0.9805763959884644,1.0593881607055664,2.2329068183898926,2.232993331293186,128,5.06484317779541,0.03956908732652664,0.9038997888565063,0.00781219732016325,0.09953799236130356
RW-PubMed-H0.1-LOW-LRSENS-G5-LR0p001,GraphSAGEPairNorm,65,0,8,128,2400,15,convs.7,2048,2048,3,0.6900606751441956,0.9549915194511414,0.2649308443069458,0.8898444771766663,0.2799127995967865,test,0.9122200608253479,1.0937405824661255,36.285396575927734,2.3260992421835893,3,2.36171293258667,0.7872376441955566,3.3854222297668457,5.059449195861816,0.09953799236130356
