Saved: plots/amazon_ratings_fair_lr_800ep/validation_lr_curve_L4.png
Saved: plots/amazon_ratings_fair_lr_800ep/test_lr_curve_L4.png
Saved: plots/amazon_ratings_fair_lr_800ep/validation_lr_curve_L8.png
Saved: plots/amazon_ratings_fair_lr_800ep/test_lr_curve_L8.png

=== ALLE LERNRATEN ===
            model  num_layers  hidden_channels  learning_rate  n  mean_best_val_acc  std_best_val_acc  mean_test_at_best_val  std_test_at_best_val  mean_final_test_acc  std_final_test_acc  mean_best_epoch  std_best_epoch  best_epoch_at_cap_count  best_epoch_last_10_percent_count
        GraphSAGE           4              128   0.0003000000 10       0.4814306712      0.0043808108           0.4780173118          0.0046611506         0.4780826392        0.0034628429   769.6000000000   21.6291983722                        0                                 9
        GraphSAGE           4              128   0.0010000000 10       0.5040013065      0.0068658605           0.5000489956          0.0064587421         0.5008329250        0.0072034031   777.8000000000   22.5969516135                        0                                10
        GraphSAGE           4              128   0.0030000000 10       0.5092601666      0.0071507953           0.5051772007          0.0050893259         0.5021231423        0.0086862213   730.3000000000   60.1665281624                        0                                 6
        GraphSAGE           4              128   0.0050000000 10       0.5056834885      0.0061277989           0.4992650661          0.0043333331         0.4957863792        0.0045194988   757.1000000000   33.8869034027                        0                                 8
        GraphSAGE           4              128   0.0100000000 10       0.4794545158      0.0030949731           0.4708149600          0.0049421993         0.4559366324        0.0170973196   635.3000000000  125.3759236146                        0                                 2
        GraphSAGE           4              128   0.0300000000 10       0.4452719255      0.0066586485           0.4398334150          0.0039478618         0.4175077576        0.0205832168   550.5000000000  212.6871724701                        0                                 2
GraphSAGEPairNorm           4              128   0.0003000000 10       0.5009472481      0.0024102029           0.4963906582          0.0067321272         0.4972399151        0.0064584668   748.5000000000   40.0229101058                        1                                 7
GraphSAGEPairNorm           4              128   0.0010000000 10       0.5209537808      0.0052903363           0.5162012086          0.0048880831         0.5166421689        0.0043101545   750.4000000000   43.5818514726                        0                                 7
GraphSAGEPairNorm           4              128   0.0030000000 10       0.5289563939      0.0025601639           0.5196635636          0.0050762942         0.5186999837        0.0058476282   714.9000000000   88.2942680913                        0                                 7
GraphSAGEPairNorm           4              128   0.0050000000 10       0.5269965703      0.0045604615           0.5209211171          0.0072615905         0.5191082803        0.0060602976   657.4000000000  111.5110358266                        0                                 4
GraphSAGEPairNorm           4              128   0.0100000000 10       0.5244487996      0.0045973543           0.5172301160          0.0051697507         0.5149109913        0.0070253595   681.7000000000  108.0936322516                        0                                 4
GraphSAGEPairNorm           4              128   0.0300000000 10       0.5101910828      0.0049119133           0.5031030541          0.0061394919         0.4990037563        0.0070356451   679.6000000000   62.4414392318                        0                                 4
        GraphSAGE           8              128   0.0003000000 10       0.4672872775      0.0049529815           0.4657847460          0.0057044747         0.4645271926        0.0061079374   748.8000000000   86.4905903681                        1                                 9
        GraphSAGE           8              128   0.0010000000 10       0.4775926833      0.0042049395           0.4766291034          0.0046565386         0.4689531276        0.0082515697   763.3000000000   45.7457951923                        0                                 9
        GraphSAGE           8              128   0.0030000000 10       0.4822146007      0.0055213616           0.4778376613          0.0074384422         0.4723501552        0.0122087401   742.1000000000   58.0200157034                        0                                 7
        GraphSAGE           8              128   0.0050000000 10       0.3678098971      0.0000516459           0.3679405520          0.0000516459         0.3679405520        0.0000516459     1.0000000000    0.0000000000                        0                                 0
        GraphSAGE           8              128   0.0100000000 10       0.3678098971      0.0000516459           0.3679405520          0.0000516459         0.3679405520        0.0000516459     1.0000000000    0.0000000000                        0                                 0
        GraphSAGE           8              128   0.0300000000 10       0.3757471828      0.0215218807           0.3751592357          0.0201468171         0.3679405520        0.0000516459    41.0000000000   85.4907402393                        0                                 0
GraphSAGEPairNorm           8              128   0.0003000000 10       0.4861995754      0.0028475577           0.4839947738          0.0060958922         0.4844194023        0.0059213861   772.7000000000   29.2234684990                        1                                10
GraphSAGEPairNorm           8              128   0.0010000000 10       0.5115139637      0.0027382604           0.5061897763          0.0063216478         0.5071370243        0.0048324411   750.4000000000   40.6207390928                        0                                 8
GraphSAGEPairNorm           8              128   0.0030000000 10       0.5160542218      0.0067099030           0.5103870652          0.0085677709         0.5098971093        0.0072297888   719.0000000000   69.8172216895                        0                                 7
GraphSAGEPairNorm           8              128   0.0050000000 10       0.5177037400      0.0060339304           0.5110893353          0.0059864690         0.5087865425        0.0056805520   677.1000000000   69.8449870944                        0                                 3
GraphSAGEPairNorm           8              128   0.0100000000 10       0.5142903805      0.0057293580           0.5079372856          0.0038072279         0.5028907398        0.0038799778   698.7000000000   74.6042149539                        1                                 5
GraphSAGEPairNorm           8              128   0.0300000000 10       0.4642495509      0.0052787835           0.4557243181          0.0047065498         0.4485709619        0.0054074666   630.8000000000  104.4454137071                        0                                 2

=== NACH VALIDATION AUSGEWÄHLT ===
            model  num_layers  learning_rate  mean_best_val_acc  mean_test_at_best_val  std_test_at_best_val  mean_best_epoch  best_epoch_at_cap_count  best_epoch_last_10_percent_count
        GraphSAGE           4   0.0030000000       0.5092601666           0.5051772007          0.0050893259   730.3000000000                        0                                 6
GraphSAGEPairNorm           4   0.0030000000       0.5289563939           0.5196635636          0.0050762942   714.9000000000                        0                                 7
        GraphSAGE           8   0.0030000000       0.4822146007           0.4778376613          0.0074384422   742.1000000000                        0                                 7
GraphSAGEPairNorm           8   0.0050000000       0.5177037400           0.5110893353          0.0059864690   677.1000000000                        0                                 3

=== GEPAARTE TESTVERGLEICHE ===
 num_layers  baseline_selected_lr  pairnorm_selected_lr  baseline_mean_test  pairnorm_mean_test  baseline_mean_val  pairnorm_mean_val  baseline_mean_best_epoch  pairnorm_mean_best_epoch  n_pairs    mean_gain  mean_gain_percentage_points     std_gain  median_gain  minimum_gain  maximum_gain  positive_splits  negative_splits  zero_splits  paired_t_pvalue  wilcoxon_pvalue  exact_sign_flip_pvalue  mean_gain_ci95_low  mean_gain_ci95_high     cohen_dz  paired_t_holm_pvalue  wilcoxon_holm_pvalue  exact_sign_flip_holm_pvalue
          4          0.0030000000          0.0030000000        0.5051772007        0.5196635636       0.5092601666       0.5289563939            730.3000000000            714.9000000000       10 0.0144863629                 1.4486362894 0.0074933221 0.0123305569  0.0055528336  0.0313571779               10                0            0     0.0001763493     0.0019531250            0.0019531250        0.0091259632         0.0198467626 1.9332363923          0.0001763493          0.0039062500                 0.0039062500
          8          0.0030000000          0.0050000000        0.4778376613        0.5110893353       0.4822146007       0.5177037400            742.1000000000            677.1000000000       10 0.0332516740                 3.3251674016 0.0095944041 0.0327453862  0.0213947411  0.0524252817               10                0            0     0.0000016606     0.0019531250            0.0019531250        0.0263882508         0.0401150973 3.4657362287          0.0000033213          0.0039062500                 0.0039062500

=== EFFEKT BEI GLEICHER LERNRATE ===
 num_layers  learning_rate  baseline_mean_test  pairnorm_mean_test  mean_gain_percentage_points  positive_splits  exact_sign_flip_pvalue  exact_sign_flip_holm_pvalue
          4   0.0003000000        0.4780173118        0.4963906582                 1.8373346399               10            0.0019531250                 0.0234375000
          4   0.0010000000        0.5000489956        0.5162012086                 1.6152212967               10            0.0019531250                 0.0234375000
          4   0.0030000000        0.5051772007        0.5196635636                 1.4486362894               10            0.0019531250                 0.0234375000
          4   0.0050000000        0.4992650661        0.5209211171                 2.1656050955               10            0.0019531250                 0.0234375000
          4   0.0100000000        0.4708149600        0.5172301160                 4.6415155969               10            0.0019531250                 0.0234375000
          4   0.0300000000        0.4398334150        0.5031030541                 6.3269639066               10            0.0019531250                 0.0234375000
          8   0.0003000000        0.4657847460        0.4839947738                 1.8210027764               10            0.0019531250                 0.0234375000
          8   0.0010000000        0.4766291034        0.5061897763                 2.9560672873               10            0.0019531250                 0.0234375000
          8   0.0030000000        0.4778376613        0.5103870652                 3.2549403887               10            0.0019531250                 0.0234375000
          8   0.0050000000        0.3679405520        0.5110893353                14.3148783276               10            0.0019531250                 0.0234375000
          8   0.0100000000        0.3679405520        0.5079372856                13.9996733627               10            0.0019531250                 0.0234375000
          8   0.0300000000        0.3751592357        0.4557243181                 8.0565082476               10            0.0019531250                 0.0234375000

Saved: runs/amazon_ratings_fair_lr_800ep/amazon_ratings_fair_lr_800ep_run_level.csv
Saved: runs/amazon_ratings_fair_lr_800ep/amazon_ratings_fair_lr_800ep_summary.csv
Saved: runs/amazon_ratings_fair_lr_800ep/amazon_ratings_fair_lr_800ep_selected_configs.csv
Saved: runs/amazon_ratings_fair_lr_800ep/amazon_ratings_fair_lr_800ep_selected_paired_tests.csv
Saved: runs/amazon_ratings_fair_lr_800ep/amazon_ratings_fair_lr_800ep_matched_lr_effects.csv
