epoch,loss,train_acc,val_acc,test_acc
1,2.885988473892212,0.31259376930544525,0.30450132391879964,0.3093893399223438
2,2.7448678016662598,0.278969199541082,0.26866725507502204,0.2652665019414049
3,2.6215336322784424,0.2787044391492366,0.2674315975286849,0.26738439816448994
4,2.5468194484710693,0.2902656429264849,0.2822594880847308,0.28291563713378043
5,2.484717607498169,0.3102109257788368,0.3034421888790821,0.3051535474761737
6,2.426884174346924,0.3344806283646633,0.3302736098852604,0.32562654429932936
7,2.372683525085449,0.35530844585649984,0.3500441306266549,0.3480409459936463
8,2.3132283687591553,0.37569499602859413,0.3706972639011474,0.3743381574302859
9,2.261551856994629,0.411172888535875,0.405648720211827,0.4144016943169785
10,2.2077980041503906,0.42432265466419555,0.41906443071491617,0.4214613483939287
11,2.159003257751465,0.4350895772659077,0.43230361871138573,0.4355806565478292
12,2.115389108657837,0.4444444444444444,0.43954104148278905,0.44369925873632193
13,2.0732290744781494,0.44929838496160973,0.4457193292144748,0.4482880338863396
14,2.030939817428589,0.4505339334568882,0.4494263018534863,0.45146487822096715
15,1.9948456287384033,0.4566234224693319,0.4547219770520741,0.46046593716907874
16,1.963620901107788,0.4639484599770541,0.4624889673433363,0.4694669961171903
17,1.9329060316085815,0.4677433589268379,0.4644307149161518,0.46999647017296153
18,1.9041543006896973,0.4692436678139617,0.4670785525154457,0.4705259442287328
19,1.876789927482605,0.47197952519636394,0.47025595763459843,0.47070243558065655
20,1.8481433391571045,0.4804518577354161,0.4767872903795234,0.4765266501941405
21,1.8214970827102661,0.48892419027446826,0.48473080317740513,0.485527709142252
22,1.798135757446289,0.4945724119671697,0.4926743159752868,0.4904694669961172
23,1.7681323289871216,0.5044567999293972,0.4981465136804943,0.4975291210730674
24,1.7456248998641968,0.5165475244903363,0.5105030891438659,0.5077656194846453
25,1.7243033647537231,0.5285499955873268,0.5210944395410415,0.5206494881750794
26,1.6965222358703613,0.5385226370135028,0.5315092674315975,0.5315919519943523
27,1.6716681718826294,0.5478775041920395,0.5385701676963813,0.5416519590540063
28,1.6460132598876953,0.5537904862765863,0.5443954104148279,0.5494175785386516
29,1.627572774887085,0.5604977495366693,0.5509267431597529,0.5563007412636781
30,1.6006807088851929,0.5666754920130616,0.5579876434245367,0.5638898693963996
31,1.583735466003418,0.5725884740976084,0.5659311562224184,0.5695375926579598
32,1.568854570388794,0.5775306680787221,0.5719329214474845,0.5727144369925874
33,1.5462220907211304,0.5807960462448151,0.5763459841129744,0.5776561948464525
34,1.5333611965179443,0.5854734798340835,0.5793468667255075,0.5813625132368514
35,1.514330506324768,0.5892683787838673,0.5853486319505737,0.583127426756089
36,1.4964629411697388,0.5935927985173418,0.5899382171226831,0.5840098835157077
37,1.4769850969314575,0.5959756420439503,0.592586054721977,0.5880691846099542
38,1.4689937829971313,0.6027711587679816,0.5947043248014122,0.5921284857042005
39,1.4539685249328613,0.6088606477804254,0.5994704324801412,0.5974232262619131
40,1.4373867511749268,0.6130968140499514,0.6058252427184466,0.6000705965407696
41,1.4284934997558594,0.617421233783426,0.6100617828773168,0.6023649841157783
42,1.413210391998291,0.6186567822787045,0.6100617828773168,0.6051888457465584
43,1.397254467010498,0.6223634277645398,0.6134157105030892,0.6087186727850336
44,1.3812952041625977,0.6265113405701174,0.6151809355692851,0.6103070949523474
45,1.3702340126037598,0.6318948018709735,0.617828773168579,0.6113660430638899
46,1.359846830368042,0.6372782631718295,0.6217122683142101,0.61701376632545
47,1.3446205854415894,0.6392198393786956,0.624360105913504,0.6198376279562301
48,1.3306865692138672,0.6416909363692525,0.6268314210061783,0.6226614895870103
49,1.3338690996170044,0.6475156649898508,0.6326566637246249,0.6258383339216378
50,1.3096427917480469,0.6501632689083047,0.6331862312444837,0.6291916696081892
51,1.2986359596252441,0.6513105639396346,0.6335392762577229,0.6288386869043416
52,1.288374900817871,0.6558114906010061,0.6381288614298323,0.6323685139428168
53,1.2690167427062988,0.6600476568705321,0.6393645189761694,0.632192022590893
54,1.2618951797485352,0.6607536845821198,0.6397175639894086,0.6330744793505119
55,1.244896411895752,0.6626070073250375,0.6411297440423654,0.6327214966466643
56,1.24248468875885,0.6674609478422028,0.6432480141218005,0.6362513236851395
57,1.233198642730713,0.6696672844409143,0.6471315092674316,0.6378397458524532
58,1.2169666290283203,0.6722266348954197,0.6494263018534863,0.6406636074832334
59,1.2059485912322998,0.6804342070426265,0.6517210944395411,0.6429579950582421
60,1.1974440813064575,0.6786691377636572,0.6515445719329215,0.6457818566890222
61,1.1855928897857666,0.6825522901773895,0.6552515445719329,0.647370278856336
62,1.1751033067703247,0.6881122584061424,0.6566637246248896,0.6480762442640311
63,1.1660460233688354,0.6888182861177301,0.6571932921447484,0.6517825626544299
64,1.1580113172531128,0.69340746624305,0.6586054721977052,0.6547829156371338
65,1.1527639627456665,0.6907598623245962,0.6624889673433363,0.6554888810448288
66,1.1461423635482788,0.6995852087194422,0.6690203000882613,0.661136604306389
67,1.1357296705245972,0.7016150383902569,0.6699029126213593,0.661136604306389
68,1.1205923557281494,0.703380107669226,0.6695498676081201,0.6606071302506177
69,1.1136375665664673,0.7088518224340306,0.6700794351279789,0.6641369572890928
70,1.107609748840332,0.7058512046597829,0.6695498676081201,0.6620190610660077
71,1.1066231727600098,0.7155590856941135,0.6776699029126214,0.6736674902929757
72,1.0938633680343628,0.7203247727473303,0.6774933804060017,0.6747264384045182
73,1.0925841331481934,0.7215603212426088,0.6829655781112092,0.6756088951641369
74,1.07623291015625,0.7199717588915365,0.683495145631068,0.6761383692199082
75,1.0818413496017456,0.7236784043773719,0.6815533980582524,0.6768443346276033
76,1.0626811981201172,0.7308269349571971,0.6840247131509267,0.6812566184256972
77,1.0549803972244263,0.7347100873709294,0.6845542806707855,0.6782562654429933
78,1.0474555492401123,0.7315329626687848,0.6785525154457194,0.6791387222026121
79,1.03842031955719,0.7370929308975377,0.6840247131509267,0.6798446876103071
80,1.0307890176773071,0.7335627923395993,0.6912621359223301,0.6819625838333921
81,1.0436010360717773,0.7449474891889507,0.6916151809355693,0.6870808330391811
82,1.036352515220642,0.7328567646280116,0.6824360105913504,0.6789622308506883
83,1.0417938232421875,0.7410643367752184,0.693909973521624,0.6890222379103423
84,1.0174965858459473,0.7468008119318683,0.6940864960282436,0.6893752206141899
85,1.024765133857727,0.7501544435619099,0.7007943512797882,0.69361101306036
86,1.0054669380187988,0.7485658812108376,0.6997352162400706,0.6925520649488175
87,1.0058971643447876,0.7468008119318683,0.6958517210944395,0.6902576773738087
88,0.991750180721283,0.7550966375430236,0.6956751985878199,0.6906106600776561
89,0.9950424432754517,0.7567734533580444,0.7023830538393645,0.6944934698199788
90,0.9873214364051819,0.7664813343923749,0.7016769638128861,0.6981997882103776
91,0.9767833352088928,0.758626776100962,0.701323918799647,0.6955524179315213
92,0.9791638851165771,0.7595093107404466,0.7011473962930274,0.698729262266149
93,0.9680752754211426,0.7656870532168387,0.706972639011474,0.7006706671373103
94,0.9640083312988281,0.7689524313829318,0.705207413945278,0.7020825979527003
95,0.9536508321762085,0.7659518136086841,0.7030891438658429,0.701553123896929
96,0.9459676146507263,0.7682464036713441,0.703442188879082,0.698729262266149
97,0.9448588490486145,0.7749536669314271,0.7067961165048544,0.7010236498411578
98,0.9382175803184509,0.7801606213043862,0.7110326566637246,0.7036710201200141
99,0.9291316270828247,0.7766304827464477,0.7096204766107679,0.7043769855277091
100,0.9268678426742554,0.7770717500661901,0.7103265666372462,0.7084362866219556
101,0.919323742389679,0.7839555202541699,0.7112091791703442,0.710201200141193
102,0.9165229797363281,0.7861618568528814,0.7127978817299205,0.7126720790681257
103,0.9096866846084595,0.7880151795957991,0.7152691968225949,0.7112601482527356
104,0.9070349931716919,0.7862501103168299,0.7142100617828773,0.715319449346982
105,0.9067579507827759,0.7863383637807784,0.7138570167696381,0.7144369925873633
106,0.8975744247436523,0.7911923042979437,0.7129744042365401,0.7117896223085068
107,0.893544614315033,0.7940164151442944,0.7166813768755517,0.7162019061066007
108,0.8930590152740479,0.7977230606301298,0.718270079435128,0.7174373455700671
109,0.8894339203834534,0.7968405259906451,0.719152691968226,0.7176138369219909
110,0.8738516569137573,0.7952519636395728,0.7180935569285084,0.7176138369219909
111,0.8759683966636658,0.8024887476833465,0.7223300970873786,0.720437698552771
112,0.8723970651626587,0.7994881299090989,0.7223300970873786,0.721849629368161
113,0.8765097856521606,0.8052246050657488,0.7255075022065314,0.723967525591246
114,0.8619967699050903,0.802753508075192,0.7228596646072374,0.7195552417931521
115,0.866925835609436,0.8088429970876357,0.7293909973521624,0.723261560183551
116,0.8589926958084106,0.8138734445326979,0.7285083848190644,0.729085774797035
117,0.869603157043457,0.8042538169623158,0.7263901147396293,0.7229085774797035
118,0.8694413900375366,0.8089312505515841,0.728684907325684,0.7289092834451112
119,0.865079402923584,0.8078722089842026,0.7308031774051191,0.7287327920931874
120,0.8430915474891663,0.812549642573471,0.7345101500441307,0.7340275326509001
121,0.8441202640533447,0.8218162562880593,0.7413945278022948,0.7380868337451465
122,0.8418237566947937,0.8170505692348424,0.7413945278022948,0.7387927991528415
123,0.8377613425254822,0.815815020739564,0.7376875551632833,0.735615954818214
124,0.8331960439682007,0.82578766216574,0.7392762577228597,0.7375573596893752
125,0.8305496573448181,0.8255229017738946,0.7419240953221535,0.7432050829509355
126,0.8253356218338013,0.8279057453005031,0.7368049426301854,0.7386163078009178
127,0.8179593086242676,0.8266701968052246,0.7396293027360988,0.7394987645605365
128,0.8188552856445312,0.82693495719707,0.7412180052956752,0.7428521002470879
129,0.8166418671607971,0.8309063630747506,0.7417475728155339,0.7437345570067067
130,0.8092917799949646,0.8298473215073692,0.7390997352162401,0.7402047299682316
131,0.8078694343566895,0.8324949254258229,0.7390997352162401,0.7423226261913166
132,0.8021790981292725,0.8370841055511429,0.7436893203883496,0.7451464878220967
133,0.7983047962188721,0.835936810519813,0.7406884377758164,0.7424991175432404
134,0.7993519306182861,0.8394669490777513,0.7443954104148279,0.7479703494528768
135,0.789223313331604,0.8393786956138028,0.7498676081200353,0.7507942110836568
136,0.7921943664550781,0.8410555114288236,0.746513680494263,0.747793858100953
137,0.7888184189796448,0.8363780778395552,0.74351279788173,0.7451464878220967
138,0.7930692434310913,0.8451151707704527,0.7451015004413063,0.745675961877868
139,0.7803435325622559,0.844409143058865,0.7484554280670785,0.7490292975644194
140,0.7787675857543945,0.8453799311622981,0.7477493380406002,0.7460289445817155
141,0.7806253433227539,0.844762156914659,0.746513680494263,0.7462054359336393
142,0.7729074358940125,0.8452034242344012,0.7433362753751104,0.7483233321567243
143,0.7789165377616882,0.8476745212249581,0.7495145631067961,0.7530885986586657
144,0.7737112045288086,0.8501456182155149,0.75216240070609,0.7564419343452171
145,0.7719753980636597,0.8466154796575766,0.7489849955869373,0.7518531591951995
146,0.7785833477973938,0.8507633924631541,0.7495145631067961,0.7525591246028944
147,0.7717980742454529,0.8519989409584326,0.753927625772286,0.7580303565125309
148,0.7663678526878357,0.8471450004412673,0.7518093556928508,0.7537945640663607
149,0.7755633592605591,0.8510281528549996,0.7562224183583407,0.7571478997529121
150,0.7706208825111389,0.8507633924631541,0.7546337157987644,0.7583833392163783
151,0.7647845149040222,0.8476745212249581,0.7535745807590468,0.7507942110836568
152,0.7583885788917542,0.8552643191245256,0.7583406884377758,0.759442287327921
153,0.7504240274429321,0.8561468537640102,0.7593998234774934,0.7559124602894458
154,0.756853461265564,0.8568528814755979,0.7558693733451015,0.759442287327921
155,0.7474759817123413,0.8570293884034949,0.7509267431597528,0.7548535121779033
156,0.7409366369247437,0.8595004853940518,0.7525154457193293,0.7571478997529121
157,0.7424901723861694,0.8584414438266702,0.754810238305384,0.7555594775855983
158,0.7519171833992004,0.858000176506928,0.7571050308914387,0.7589128132721497
159,0.743533730506897,0.8592357250022064,0.7553398058252427,0.7573243911048358
160,0.743004560470581,0.862236342776454,0.7583406884377758,0.7619131662548535
161,0.7440046072006226,0.8617950754567116,0.7571050308914387,0.7620896576067773
162,0.739576518535614,0.8616185685288148,0.7569285083848191,0.7597952700317684
163,0.7366814613342285,0.8610007942811755,0.757811120917917,0.7619131662548535
164,0.7337747812271118,0.862059835848557,0.7571050308914387,0.7592657959759972
165,0.7317299246788025,0.8592357250022064,0.7544571932921448,0.7605012354394635
166,0.7274940609931946,0.8628541170240932,0.7579876434245366,0.762266148958701
167,0.7287409901618958,0.868943606036537,0.7613415710503089,0.7665019414048712
168,0.7372544407844543,0.8594122319301033,0.758693733451015,0.7599717613836922
169,0.7348966002464294,0.8649722001588562,0.7585172109443954,0.7659724673490999
170,0.7330499887466431,0.8658547347983409,0.7581641659311562,0.7624426403106248
171,0.731012761592865,0.8625011031682993,0.7631067961165049,0.7620896576067773
172,0.7303627133369446,0.8662960021180831,0.7641659311562224,0.7656194846452524
173,0.7200677990913391,0.8607360338893302,0.7599293909973521,0.7592657959759972
174,0.727331817150116,0.8660312417262378,0.7646954986760812,0.7612072008471585
175,0.7225225567817688,0.8681493248610008,0.7641659311562224,0.7640310624779386
176,0.7250523567199707,0.8702674079957639,0.7625772285966461,0.7659724673490999
177,0.7137777209281921,0.8646191863030624,0.7595763459841129,0.7585598305683021
178,0.7089506983757019,0.8615303150648663,0.7602824360105913,0.7582068478644547
179,0.7149673104286194,0.8698261406760215,0.7664607237422771,0.7633250970702435
180,0.7172853946685791,0.8707086753155061,0.7641659311562224,0.7650900105894811
181,0.7062719464302063,0.8694731268202277,0.7638128861429833,0.7661489587010236
182,0.7082148194313049,0.8700026476039184,0.7655781112091792,0.7619131662548535
183,0.7113010883331299,0.8618833289206601,0.7604589585172109,0.7548535121779033
184,0.7211864590644836,0.8728267584502691,0.7669902912621359,0.7668549241087187
185,0.7036239504814148,0.8738858000176507,0.7685789938217122,0.768090363572185
186,0.6994650959968567,0.8685023387167946,0.7625772285966461,0.7649135192375573
187,0.704691469669342,0.8717677168828877,0.7629302736098853,0.764384045181786
188,0.6984460353851318,0.87335627923396,0.7632833186231245,0.7665019414048712
189,0.6940636038780212,0.8740623069455477,0.7654015887025596,0.7659724673490999
190,0.698140025138855,0.8736210396258053,0.7673433362753751,0.7640310624779386
191,0.6976170539855957,0.8734445326979083,0.7654015887025596,0.7668549241087187
192,0.6942794919013977,0.8766216574000529,0.7678729037952339,0.7682668549241087
193,0.6910784244537354,0.8769746712558468,0.7650485436893204,0.7638545711260148
194,0.6948460340499878,0.874327067337393,0.7666372462488967,0.7649135192375573
195,0.6929335594177246,0.8767981643279499,0.7685789938217122,0.7663254500529474
196,0.6871120929718018,0.8757391227605683,0.7666372462488967,0.7638545711260148
197,0.6936713457107544,0.8780337128232283,0.7676963812886143,0.7686198376279563
198,0.6816972494125366,0.8796222751743006,0.7676963812886143,0.7716201906106601
199,0.6873675584793091,0.8772394316476921,0.7682259488084731,0.7675608895164137
200,0.6864389777183533,0.8801517959579913,0.7703442188879082,0.7679138722202612
201,0.6895420551300049,0.8759156296884653,0.7685789938217122,0.7649135192375573
202,0.6890047788619995,0.8797987821021975,0.7714033539276258,0.7666784327567949
203,0.684653639793396,0.8788279939987644,0.7678729037952339,0.7670314154606425
204,0.6825723648071289,0.8782102197511252,0.7703442188879082,0.7673843981644899
205,0.6856193542480469,0.8789162474627129,0.7705207413945278,0.7679138722202612
206,0.6935973167419434,0.8844762156914658,0.7712268314210062,0.7691493116837275
207,0.680497944355011,0.8801517959579913,0.7692850838481906,0.768090363572185
208,0.6877315640449524,0.8789162474627129,0.7698146513680494,0.7654429932933287
209,0.6828178763389587,0.8827993998764452,0.7668137687555163,0.7672079068125662
210,0.6896251440048218,0.8767981643279499,0.7650485436893204,0.7663254500529474
211,0.6796776652336121,0.883152413732239,0.7669902912621359,0.7673843981644899
212,0.6775228381156921,0.8810343305974759,0.7662842012356575,0.7673843981644899
213,0.6869575381278992,0.8832406671961874,0.7632833186231245,0.7665019414048712
214,0.6823433041572571,0.8804165563498367,0.7662842012356575,0.7626191316625486
215,0.6888410449028015,0.8778572058953313,0.7657546337157988,0.7684433462760325
216,0.6854652762413025,0.8827993998764452,0.7682259488084731,0.7698552770914225
217,0.6868277788162231,0.8791810078545583,0.7689320388349514,0.7677373808683374
218,0.6781430244445801,0.8850057364751567,0.7722859664607238,0.7710907165548888
219,0.6760672330856323,0.8826228929485482,0.776522506619594,0.76879632897988
220,0.6749438047409058,0.8827993998764452,0.771756398940865,0.7696787857394988
221,0.6699962615966797,0.8844762156914658,0.7724624889673434,0.7638545711260148
222,0.6826972365379333,0.8805930632777337,0.7722859664607238,0.7686198376279563
223,0.6729435324668884,0.882005118700909,0.7712268314210062,0.7703847511471937
224,0.6778271794319153,0.8835054275880329,0.7689320388349514,0.7700317684433463
225,0.6786861419677734,0.8828876533403937,0.7714033539276258,0.7684433462760325
226,0.6719281077384949,0.8853587503309505,0.772639011473963,0.7728556300741264
227,0.6639633178710938,0.8826228929485482,0.7696381288614298,0.7665019414048712
228,0.673550546169281,0.8859765245785897,0.7692850838481906,0.7707377338510413
229,0.6620493531227112,0.8888006354249405,0.7721094439541042,0.7712672079068126
230,0.67729651927948,0.8824463860206513,0.7708737864077669,0.7747970349452877
231,0.6735426783561707,0.886594298826229,0.771756398940865,0.7728556300741264
232,0.6625992655754089,0.8868590592180743,0.7724624889673434,0.7733851041298976
233,0.6668662428855896,0.8893301562086312,0.772639011473963,0.7710907165548888
234,0.6606284379959106,0.8895066631365282,0.7744042365401589,0.7719731733145075
235,0.6709287166595459,0.8856235107227959,0.7740511915269197,0.7710907165548888
236,0.6589188575744629,0.8910952254876003,0.7740511915269197,0.7730321214260502
237,0.656558632850647,0.8873003265378167,0.7694616063548102,0.7710907165548888
238,0.6615928411483765,0.889683170064425,0.7766990291262136,0.7726791387222026
239,0.6611757278442383,0.8888888888888888,0.7736981465136805,0.7728556300741264
240,0.6637953519821167,0.8882711146412496,0.7735216240070609,0.7705612424991175
241,0.6551696062088013,0.8917129997352397,0.7766990291262136,0.7710907165548888
242,0.6571673154830933,0.8946253640455388,0.7722859664607238,0.774620543593364
243,0.6587424874305725,0.8894184096725797,0.7687555163283318,0.76879632897988
244,0.6545550227165222,0.8879181007854559,0.7706972639011473,0.7737380868337451
245,0.6492180824279785,0.8901244373841674,0.7747572815533981,0.7749735262972114
246,0.6553002595901489,0.8929485482305181,0.7735216240070609,0.7732086127779739
247,0.6552402377128601,0.8923307739828789,0.7712268314210062,0.7742675608895164
248,0.6482991576194763,0.891977760127085,0.7715798764342454,0.7732086127779739
249,0.6530331373214722,0.8935663224781573,0.7766990291262136,0.7739145781856689
250,0.6502757668495178,0.8915364928073427,0.7775816416593115,0.7772679138722203
251,0.646410346031189,0.890830465095755,0.7749338040600177,0.7733851041298976
252,0.6466021537780762,0.8948901244373841,0.7735216240070609,0.7735615954818214
253,0.6537563800811768,0.8876533403936104,0.7742277140335393,0.7686198376279563
254,0.6459338068962097,0.8950666313652811,0.7766990291262136,0.7747970349452877
255,0.6449764966964722,0.8956844056129203,0.7733451015004413,0.7716201906106601
256,0.6485698223114014,0.8888888888888888,0.7729920564872022,0.7744440522414402
257,0.6483742594718933,0.8932133086223635,0.7745807590467785,0.7728556300741264
258,0.6479461789131165,0.8948901244373841,0.776522506619594,0.7770914225202965
259,0.6517357230186462,0.8925072809107758,0.7751103265666373,0.7716201906106601
260,0.6431023478507996,0.896213926396611,0.7752868490732568,0.7735615954818214
261,0.645095944404602,0.8949783779013326,0.7766990291262136,0.770914225202965
262,0.6501126885414124,0.891006972023652,0.7666372462488967,0.7712672079068126
263,0.6457967758178711,0.8963021798605595,0.7749338040600177,0.7751500176491352
264,0.6423962712287903,0.8999205718824463,0.7775816416593115,0.776032474408754
265,0.6411994099617004,0.8933898155502603,0.7729920564872022,0.769502294387575
266,0.6523585915565491,0.8984202629953225,0.7736981465136805,0.7749735262972114
267,0.649863064289093,0.8894184096725797,0.772639011473963,0.7739145781856689
268,0.6427273154258728,0.8933898155502603,0.7751103265666373,0.7735615954818214
269,0.637705385684967,0.8976259818197865,0.7736981465136805,0.7691493116837275
270,0.6589474081993103,0.8934780690142088,0.7715798764342454,0.7696787857394988
271,0.6535442471504211,0.8955961521489718,0.7759929390997352,0.776032474408754
272,0.6436223387718201,0.8964786867884564,0.7761694616063548,0.7749735262972114
273,0.6447898149490356,0.8983320095313742,0.7747572815533981,0.7753265090010589
274,0.6442034840583801,0.8985967699232195,0.7731685789938217,0.7707377338510413
275,0.6434244513511658,0.8983320095313742,0.7763459841129744,0.7725026473702788
276,0.6350270509719849,0.8966551937163534,0.7777581641659311,0.7749735262972114
277,0.6440067291259766,0.8978024887476833,0.7738746690203001,0.7747970349452877
278,0.6344525218009949,0.8961256729326627,0.7754633715798764,0.7758559830568302
279,0.6379623413085938,0.8976259818197865,0.7761694616063548,0.776738439816449
280,0.6355014443397522,0.9008913599858794,0.7752868490732568,0.7783268619837628
281,0.6376709342002869,0.9018621480893125,0.7754633715798764,0.7770914225202965
282,0.6298797726631165,0.9002735857382402,0.7761694616063548,0.7765619484645252
283,0.6266582608222961,0.8978907422116318,0.775639894086496,0.776738439816449
284,0.6325206756591797,0.8984202629953225,0.7772285966460724,0.7751500176491352
285,0.6323858499526978,0.9001853322742918,0.7768755516328332,0.7717966819625839
286,0.6374484896659851,0.9012443738416733,0.7796999117387466,0.7751500176491352
287,0.6288496851921082,0.902921189656694,0.7781112091791703,0.7762089657606778
288,0.6263680458068848,0.9044214985438178,0.7721094439541042,0.7783268619837628
289,0.6369730234146118,0.9013326273056217,0.7733451015004413,0.7763854571126014
290,0.6193049550056458,0.9002735857382402,0.7789938217122683,0.7785033533356865
291,0.6216350793838501,0.9049510193275087,0.7772285966460724,0.7779738792799152
292,0.634272038936615,0.9025681758009002,0.7791703442188879,0.7772679138722203
293,0.6378682255744934,0.902921189656694,0.776522506619594,0.7762089657606778
294,0.6255212426185608,0.9018621480893125,0.7744042365401589,0.7758559830568302
295,0.6265267729759216,0.9046862589356632,0.7781112091791703,0.779562301447229
296,0.6251245141029358,0.9033624569764364,0.7786407766990291,0.778150370631839
297,0.6366338729858398,0.9043332450798693,0.7777581641659311,0.7777973879279916
298,0.6205503344535828,0.9041567381519725,0.777405119152692,0.7737380868337451
299,0.6164124011993408,0.9038037242961786,0.779523389232127,0.7747970349452877
300,0.6419287323951721,0.9048627658635602,0.7825242718446602,0.7763854571126014
301,0.6245958209037781,0.9012443738416733,0.7809355692850839,0.7737380868337451
302,0.6189296245574951,0.9053922866472509,0.7784642541924095,0.7723261560183551
303,0.6349723935127258,0.8993027976348071,0.7772285966460724,0.7700317684433463
304,0.6333476305007935,0.9030094431206425,0.779523389232127,0.7691493116837275
305,0.6293198466300964,0.9062748212867355,0.7818181818181819,0.7739145781856689
306,0.6276147961616516,0.893125055158415,0.7724624889673434,0.7726791387222026
307,0.6327088475227356,0.900626599594034,0.7789938217122683,0.7785033533356865
308,0.6269938945770264,0.904244991615921,0.7759929390997352,0.7779738792799152
309,0.6239247918128967,0.8992145441708587,0.775639894086496,0.7705612424991175
310,0.631962239742279,0.9036272173682817,0.7798764342453662,0.7765619484645252
311,0.6280022263526917,0.9068925955343747,0.7823477493380406,0.7753265090010589
312,0.6250118613243103,0.9053922866472509,0.7791703442188879,0.7740910695375927
313,0.6266289949417114,0.9051275262554055,0.7802294792586054,0.7755030003529827
314,0.6240741014480591,0.9081281440296531,0.7814651368049427,0.7755030003529827
315,0.6348310708999634,0.8971847145000441,0.7740511915269197,0.7698552770914225
316,0.6379716396331787,0.907333862854117,0.7786407766990291,0.7751500176491352
317,0.6296566724777222,0.9026564292648487,0.7761694616063548,0.7753265090010589
318,0.6305643916130066,0.898508516459271,0.7766990291262136,0.7751500176491352
319,0.6242241859436035,0.9046862589356632,0.7811120917917035,0.7800917755030004
320,0.6233668327331543,0.9064513282146325,0.7779346866725507,0.7747970349452877
321,0.6216065287590027,0.9022151619451063,0.7777581641659311,0.7725026473702788
322,0.6227823495864868,0.905039272791457,0.7789938217122683,0.774620543593364
323,0.6249009966850281,0.9095401994528285,0.7814651368049427,0.7783268619837628
324,0.6234053373336792,0.9039802312240756,0.777405119152692,0.7749735262972114
325,0.6185229420661926,0.9066278351425293,0.7779346866725507,0.7747970349452877
326,0.6141785383224487,0.906363074750684,0.7791703442188879,0.7730321214260502
327,0.6255625486373901,0.9077751301738594,0.779523389232127,0.7755030003529827
328,0.6218223571777344,0.9090106786691378,0.7811120917917035,0.777444405224144
329,0.62006676197052,0.9099814667725709,0.7816416593115623,0.777444405224144
330,0.6097288727760315,0.9093636925249317,0.775639894086496,0.7721496646664313
331,0.6171358823776245,0.9087459182772923,0.7796999117387466,0.7756794917049065
332,0.6076890230178833,0.9065395816785808,0.7796999117387466,0.7747970349452877
333,0.6066493391990662,0.9100697202365193,0.775639894086496,0.7770914225202965
334,0.6144495606422424,0.9108640014120554,0.7770520741394528,0.7742675608895164
335,0.6114122271537781,0.9089224252051893,0.7772285966460724,0.7758559830568302
336,0.6116322875022888,0.9111287618039008,0.7788172992056487,0.776032474408754
337,0.612993061542511,0.9100697202365193,0.7752868490732568,0.7737380868337451
338,0.6184296607971191,0.9098049598446739,0.7796999117387466,0.7790328273914578
339,0.6112558245658875,0.9146589003618392,0.7798764342453662,0.7799152841510766
340,0.6110374331474304,0.9015973876974671,0.7736981465136805,0.7779738792799152
341,0.6128301024436951,0.9070691024622717,0.7768755516328332,0.7747970349452877
342,0.6140390038490295,0.9102462271644162,0.7809355692850839,0.7732086127779739
343,0.6208518147468567,0.9048627658635602,0.7802294792586054,0.7790328273914578
344,0.6144353151321411,0.9087459182772923,0.7819947043248014,0.7799152841510766
345,0.6141911745071411,0.9113935221957462,0.7796999117387466,0.7749735262972114
346,0.6180651187896729,0.905039272791457,0.7791703442188879,0.7762089657606778
347,0.6097143292427063,0.9075986232459624,0.7818181818181819,0.7769149311683727
348,0.6103148460388184,0.9114817756596947,0.7818181818181819,0.7802682668549241
349,0.6181851625442505,0.9080398905657047,0.7788172992056487,0.777444405224144
350,0.6153746247291565,0.90945194598888,0.7825242718446602,0.7777973879279916
351,0.6061973571777344,0.9099814667725709,0.7800529567519858,0.7793858100953053
352,0.6122620105743408,0.9061865678227871,0.7766990291262136,0.7737380868337451
353,0.6221892237663269,0.9114817756596947,0.7809355692850839,0.779562301447229
354,0.6095812916755676,0.9098049598446739,0.7786407766990291,0.7783268619837628
355,0.6283923387527466,0.9071573559262202,0.7791703442188879,0.7799152841510766
356,0.6153344511985779,0.9119230429794369,0.7802294792586054,0.7792093187433816
357,0.6073855757713318,0.9148354072897361,0.7812886142983231,0.7802682668549241
358,0.6028173565864563,0.9098049598446739,0.7788172992056487,0.7820331803741617
359,0.6137115955352783,0.9133350984026123,0.7793468667255075,0.7786798446876103
360,0.599773108959198,0.9127173241549731,0.7800529567519858,0.7753265090010589
361,0.6020990610122681,0.9139528726502515,0.7805825242718447,0.7799152841510766
362,0.5980570316314697,0.9140411261142,0.783053839364519,0.7804447582068479
363,0.5974081754684448,0.9135998587944577,0.7798764342453662,0.7788563360395341
364,0.607599139213562,0.9125408172270761,0.777405119152692,0.7747970349452877
365,0.6033940315246582,0.9127173241549731,0.7811120917917035,0.7776208965760678
366,0.6129515767097473,0.9124525637631277,0.7834068843777582,0.7815037063183904
367,0.6007140278816223,0.9166004765687054,0.7844660194174757,0.776738439816449
368,0.6024876236915588,0.9142176330420969,0.7835834068843778,0.778150370631839
369,0.6003345251083374,0.91289383108287,0.7844660194174757,0.7816801976703142
370,0.6036913394927979,0.916159209248963,0.7805825242718447,0.7765619484645252
371,0.5830700993537903,0.9168652369605507,0.7827007943512798,0.7797387927991528
372,0.5996469855308533,0.91518842114553,0.7812886142983231,0.7806212495587717
373,0.6024236083030701,0.9129820845468185,0.779523389232127,0.7792093187433816
374,0.5976071953773499,0.91518842114553,0.7827007943512798,0.7792093187433816
375,0.6030309200286865,0.9151001676815815,0.7825242718446602,0.7807977409106954
376,0.5938111543655396,0.9112170152678493,0.7825242718446602,0.7802682668549241
377,0.5978124141693115,0.9153649280734268,0.7807590467784643,0.7793858100953053
378,0.5956193804740906,0.9100697202365193,0.7786407766990291,0.7793858100953053
379,0.6007211804389954,0.91289383108287,0.7818181818181819,0.776032474408754
380,0.6052491664886475,0.9169534904244991,0.7842894969108561,0.7777973879279916
381,0.6116014122962952,0.9179242785279322,0.7834068843777582,0.7797387927991528
382,0.6039718985557556,0.9113052687317977,0.7786407766990291,0.7758559830568302
383,0.6038834452629089,0.9140411261142,0.7781112091791703,0.7747970349452877
384,0.6065359115600586,0.9137763657223547,0.7777581641659311,0.7772679138722203
385,0.5979796648025513,0.9120995499073339,0.7791703442188879,0.7792093187433816
386,0.6024572253227234,0.9142176330420969,0.7789938217122683,0.7786798446876103
387,0.5934935808181763,0.913864619186303,0.7828773168578994,0.7827391457818567
388,0.5961437225341797,0.9143058865060454,0.7812886142983231,0.7807977409106954
389,0.601046621799469,0.9183655458476745,0.7823477493380406,0.7793858100953053
390,0.6020619869232178,0.9128055776189216,0.7812886142983231,0.7830921284857042
391,0.5996166467666626,0.9157179419292207,0.7846425419240953,0.7822096717260855
392,0.6018102169036865,0.9135998587944577,0.7862312444836717,0.7809742322626191
393,0.5963555574417114,0.9134233518665608,0.7816416593115623,0.7800917755030004
394,0.5967674255371094,0.9160709557850145,0.7818181818181819,0.7799152841510766
395,0.6003932952880859,0.9170417438884476,0.7823477493380406,0.7799152841510766
396,0.5900363922119141,0.9170417438884476,0.7827007943512798,0.7786798446876103
397,0.5865256190299988,0.9169534904244991,0.7798764342453662,0.7802682668549241
398,0.593418538570404,0.9178360250639838,0.7832303618711386,0.7827391457818567
399,0.6007664799690247,0.9181890389197777,0.7825242718446602,0.7815037063183904
400,0.5948179960250854,0.9187185597034684,0.7827007943512798,0.7793858100953053
401,0.5937867760658264,0.9177477716000353,0.782171226831421,0.7825626544299329
402,0.5862656235694885,0.91518842114553,0.7768755516328332,0.776032474408754
403,0.5862315893173218,0.9179242785279322,0.7761694616063548,0.7785033533356865
404,0.5882833003997803,0.9177477716000353,0.7781112091791703,0.7785033533356865
405,0.5907951593399048,0.9163357161768599,0.7793468667255075,0.7758559830568302
406,0.5899224877357483,0.9179242785279322,0.779523389232127,0.7769149311683727
407,0.6011414527893066,0.9170417438884476,0.7825242718446602,0.7804447582068479
408,0.5965005159378052,0.9179242785279322,0.7883495145631068,0.7864454641722556
409,0.5879600048065186,0.9181890389197777,0.783936451897617,0.7834451111895517
410,0.589148223400116,0.9179242785279322,0.783053839364519,0.7862689728203318
411,0.588128387928009,0.9189833200953137,0.7819947043248014,0.7852100247087893
412,0.5950526595115662,0.919601094342953,0.7848190644307149,0.7802682668549241
413,0.6016440391540527,0.9167769834966022,0.7832303618711386,0.7777973879279916
414,0.592810332775116,0.9198658547347983,0.7855251544571933,0.7802682668549241
415,0.5847548842430115,0.9174830112081899,0.7844660194174757,0.7815037063183904
416,0.594110906124115,0.9189833200953137,0.783936451897617,0.7806212495587717
417,0.5875902771949768,0.9220721913335098,0.7793468667255075,0.7770914225202965
418,0.5892512202262878,0.9218956844056129,0.783936451897617,0.7827391457818567
419,0.5792372226715088,0.9191598270232106,0.7818181818181819,0.7830921284857042
420,0.5943999886512756,0.9211896566940252,0.7791703442188879,0.7772679138722203
421,0.591892421245575,0.9136881122584062,0.7754633715798764,0.7792093187433816
422,0.5956059694290161,0.9177477716000353,0.7772285966460724,0.7818566890222379
423,0.5965065360069275,0.9176595181360868,0.7811120917917035,0.7836216025414755
424,0.5958718657493591,0.9174830112081899,0.7791703442188879,0.7809742322626191
425,0.5949090123176575,0.920571882446386,0.782171226831421,0.7809742322626191
426,0.5884485840797424,0.9143058865060454,0.7827007943512798,0.7811507236145429
427,0.5926796197891235,0.9186303062395199,0.7804060017652251,0.7786798446876103
428,0.5944437980651855,0.9174830112081899,0.7788172992056487,0.7763854571126014
429,0.5914079546928406,0.9148354072897361,0.7814651368049427,0.7786798446876103
430,0.5945384502410889,0.9195128408790045,0.783053839364519,0.7809742322626191
431,0.5955296754837036,0.9199541081987468,0.7811120917917035,0.7804447582068479
432,0.5948982238769531,0.9195128408790045,0.7825242718446602,0.7807977409106954
433,0.5903773903846741,0.9175712646721383,0.7811120917917035,0.7822096717260855
434,0.5934997797012329,0.9191598270232106,0.7802294792586054,0.7804447582068479
435,0.5930714011192322,0.9218074309416645,0.7835834068843778,0.7802682668549241
436,0.5962367653846741,0.9213661636219221,0.7816416593115623,0.7772679138722203
437,0.5889559388160706,0.9224252051893037,0.7812886142983231,0.779562301447229
438,0.5801973342895508,0.917306504280293,0.7804060017652251,0.779562301447229
439,0.582994282245636,0.9211014032300768,0.7825242718446602,0.7818566890222379
440,0.5907763838768005,0.9227782190450975,0.7860547219770521,0.7815037063183904
441,0.588529109954834,0.9245432883240667,0.7846425419240953,0.7804447582068479
442,0.5727759003639221,0.9269261318506752,0.7837599293909974,0.7841510765972467
443,0.5787811279296875,0.9221604447974583,0.7825242718446602,0.7823861630780091
444,0.5809125900268555,0.9248963021798605,0.7865842894969108,0.7829156371337804
445,0.5789037942886353,0.9221604447974583,0.7844660194174757,0.7804447582068479
446,0.576376736164093,0.9238372606124791,0.7844660194174757,0.7841510765972467
447,0.5774461030960083,0.9207483893742829,0.7823477493380406,0.7804447582068479
448,0.5868576169013977,0.9211896566940252,0.782171226831421,0.783268619837628
449,0.5767567157745361,0.9204836289824375,0.7819947043248014,0.7804447582068479
450,0.5884639024734497,0.9254258229635514,0.7828773168578994,0.7813272149664666
451,0.585270345211029,0.9233959932927367,0.7798764342453662,0.7788563360395341
452,0.5870740413665771,0.9216309240137676,0.7819947043248014,0.779562301447229
453,0.5886731743812561,0.9233959932927367,0.7819947043248014,0.784680550653018
454,0.5814811587333679,0.9244550348601183,0.7811120917917035,0.7813272149664666
455,0.5872725248336792,0.9239255140764275,0.7782877316857899,0.7788563360395341
456,0.5898873209953308,0.9241902744682728,0.7812886142983231,0.7837980938933993
457,0.59382164478302,0.9242785279322213,0.7804060017652251,0.7807977409106954
458,0.5863180756568909,0.9222486982614068,0.779523389232127,0.7772679138722203
459,0.5766584873199463,0.9218956844056129,0.7811120917917035,0.7834451111895517
460,0.5953968167304993,0.9158061953931692,0.7832303618711386,0.7807977409106954
461,0.5912688374519348,0.921719177477716,0.7834068843777582,0.776738439816449
462,0.592677652835846,0.9225134586532522,0.7835834068843778,0.7841510765972467
463,0.5830190181732178,0.9222486982614068,0.7816416593115623,0.783268619837628
464,0.591485857963562,0.9239255140764275,0.7827007943512798,0.7815037063183904
465,0.5791131854057312,0.9206601359103345,0.7807590467784643,0.7816801976703142
466,0.5980385541915894,0.9213661636219221,0.7864077669902912,0.784680550653018
467,0.5766640901565552,0.9203953755184892,0.783936451897617,0.7866219555241794
468,0.5836598873138428,0.9236607536845821,0.7816416593115623,0.7848570420049418
469,0.587515652179718,0.9241902744682728,0.7800529567519858,0.7827391457818567
470,0.5835108160972595,0.9267496249227782,0.7807590467784643,0.7855630074126367
471,0.5798248052597046,0.9258670902832936,0.7846425419240953,0.7848570420049418
472,0.5748931765556335,0.9245432883240667,0.7811120917917035,0.7845040593010942
473,0.5915947556495667,0.9234842467566852,0.7814651368049427,0.7830921284857042
474,0.5869180560112,0.9221604447974583,0.7828773168578994,0.7848570420049418
475,0.5817264318466187,0.9250728091077575,0.7855251544571933,0.786092481468408
476,0.5798104405403137,0.9281616803459536,0.7844660194174757,0.7825626544299329
477,0.5732588171958923,0.9220721913335098,0.7800529567519858,0.7827391457818567
478,0.584302544593811,0.9254258229635514,0.7814651368049427,0.7797387927991528
479,0.5796405673027039,0.9252493160356544,0.7832303618711386,0.7799152841510766
480,0.5862977504730225,0.9219839378695613,0.7816416593115623,0.7783268619837628
481,0.580654501914978,0.9256905833553967,0.7834068843777582,0.7827391457818567
482,0.5748301148414612,0.9254258229635514,0.7848190644307149,0.7841510765972467
483,0.5764530897140503,0.9171299973523961,0.7789938217122683,0.776738439816449
484,0.5801892876625061,0.9257788368193451,0.783936451897617,0.7818566890222379
485,0.5810370445251465,0.9247197952519637,0.7846425419240953,0.7816801976703142
486,0.5855264663696289,0.9211014032300768,0.7835834068843778,0.7813272149664666
487,0.583518385887146,0.9254258229635514,0.7837599293909974,0.7813272149664666
488,0.575553297996521,0.9244550348601183,0.7867608120035304,0.7825626544299329
489,0.5795120596885681,0.9234842467566852,0.7848190644307149,0.7783268619837628
490,0.5714690089225769,0.9232194863648399,0.7827007943512798,0.7779738792799152
491,0.5770937204360962,0.9244550348601183,0.7855251544571933,0.7790328273914578
492,0.573986291885376,0.9280734268820051,0.7872903795233892,0.7809742322626191
493,0.5750958919525146,0.9263966110669843,0.783936451897617,0.7837980938933993
494,0.5793803334236145,0.9260435972111906,0.78693733451015,0.7864454641722556
495,0.5672838091850281,0.9287794545935928,0.7857016769638129,0.7827391457818567
496,0.5806909203529358,0.9266613714588298,0.7828773168578994,0.7818566890222379
497,0.5815465450286865,0.9266613714588298,0.7862312444836717,0.7867984468761031
498,0.5768658518791199,0.9257788368193451,0.7860547219770521,0.7843275679491705
499,0.5890352725982666,0.9199541081987468,0.7798764342453662,0.7825626544299329
500,0.5782942771911621,0.928426440737799,0.7798764342453662,0.7864454641722556
501,0.5877228379249573,0.9274556526343659,0.7865842894969108,0.7837980938933993
502,0.5820610523223877,0.9250728091077575,0.7844660194174757,0.7850335333568655
503,0.5784417986869812,0.927279145706469,0.7802294792586054,0.7862689728203318
504,0.579706609249115,0.9227782190450975,0.7828773168578994,0.7841510765972467
505,0.5783880352973938,0.9218956844056129,0.7823477493380406,0.7809742322626191
506,0.5840014219284058,0.9278969199541082,0.7812886142983231,0.7811507236145429
507,0.576108455657959,0.9268378783867267,0.7828773168578994,0.7866219555241794
508,0.5719848871231079,0.9225134586532522,0.7825242718446602,0.7822096717260855
509,0.5818048715591431,0.9263083576030359,0.7844660194174757,0.778150370631839
510,0.5745887160301208,0.9254258229635514,0.78693733451015,0.783268619837628
511,0.5780602097511292,0.9286029476656958,0.7849955869373345,0.7855630074126367
512,0.5660344362258911,0.9262201041390875,0.7828773168578994,0.7816801976703142
513,0.562682032585144,0.9223369517253552,0.7837599293909974,0.7834451111895517
514,0.5702439546585083,0.9242785279322213,0.783936451897617,0.7806212495587717
515,0.5717431902885437,0.927279145706469,0.7855251544571933,0.7827391457818567
516,0.5783256888389587,0.9263966110669843,0.7835834068843778,0.7836216025414755
517,0.5748869180679321,0.9282499338099021,0.7818181818181819,0.784680550653018
518,0.5711416602134705,0.9222486982614068,0.7816416593115623,0.7799152841510766
519,0.574589192867279,0.9265731179948813,0.782171226831421,0.7823861630780091
520,0.5697969198226929,0.9259553437472421,0.7849955869373345,0.7837980938933993
521,0.5763113498687744,0.9250728091077575,0.7818181818181819,0.7880338863395694
522,0.5845889449119568,0.9279851734180566,0.7842894969108561,0.7830921284857042
523,0.5692444443702698,0.9266613714588298,0.7819947043248014,0.7823861630780091
524,0.5684714317321777,0.9286912011296443,0.7855251544571933,0.7815037063183904
525,0.5723614692687988,0.9262201041390875,0.7851721094439541,0.7818566890222379
526,0.5757747292518616,0.9262201041390875,0.7841129744042366,0.7809742322626191
527,0.5764872431755066,0.9302797634807166,0.7835834068843778,0.7816801976703142
528,0.5716075301170349,0.922689965581149,0.7793468667255075,0.7823861630780091
529,0.5820600390434265,0.9311622981202012,0.7834068843777582,0.7827391457818567
530,0.5717304944992065,0.927102638778572,0.779523389232127,0.7770914225202965
531,0.5725641846656799,0.9222486982614068,0.782171226831421,0.7845040593010942
532,0.5721641182899475,0.9274556526343659,0.782171226831421,0.7848570420049418
533,0.577008843421936,0.9283381872738505,0.7802294792586054,0.7807977409106954
534,0.5818161964416504,0.9262201041390875,0.7811120917917035,0.7788563360395341
535,0.5710886120796204,0.9296619892330774,0.7832303618711386,0.7848570420049418
536,0.5853808522224426,0.929397228841232,0.7857016769638129,0.7845040593010942
537,0.5726214647293091,0.9282499338099021,0.7857016769638129,0.7836216025414755
538,0.5677739977836609,0.9291324684493867,0.7834068843777582,0.7834451111895517
539,0.5684400200843811,0.9247197952519637,0.7809355692850839,0.7853865160607131
540,0.5761500000953674,0.9287794545935928,0.7844660194174757,0.784680550653018
541,0.5606688857078552,0.9281616803459536,0.7858781994704325,0.7813272149664666
542,0.5635613203048706,0.9296619892330774,0.7825242718446602,0.7827391457818567
543,0.5675472617149353,0.9295737357691289,0.7812886142983231,0.7815037063183904
544,0.5766552090644836,0.929220721913335,0.7834068843777582,0.7804447582068479
545,0.5702332854270935,0.9273673991704174,0.7858781994704325,0.783268619837628
546,0.5665841102600098,0.927279145706469,0.7867608120035304,0.7845040593010942
547,0.5692859292030334,0.928426440737799,0.7871138570167696,0.7848570420049418
548,0.5617617964744568,0.930544523872562,0.7876434245366284,0.7848570420049418
549,0.5734269618988037,0.9312505515841497,0.7849955869373345,0.7839745852453229
550,0.5734180212020874,0.9296619892330774,0.7816416593115623,0.7811507236145429
551,0.573147177696228,0.9275439060983144,0.7855251544571933,0.7866219555241794
552,0.5641357898712158,0.9260435972111906,0.7851721094439541,0.7857394987645605
553,0.5715648531913757,0.9262201041390875,0.7814651368049427,0.7841510765972467
554,0.5702638626098633,0.9298384961609744,0.7823477493380406,0.7816801976703142
555,0.5735290050506592,0.9319565792957374,0.7837599293909974,0.7876809036357219
556,0.5766230821609497,0.9268378783867267,0.7775816416593115,0.783268619837628
557,0.5713819265365601,0.9304562704086136,0.7853486319505737,0.7823861630780091
558,0.5717357993125916,0.9300150030888712,0.7848190644307149,0.7790328273914578
559,0.5721216797828674,0.9265731179948813,0.7849955869373345,0.7809742322626191
560,0.5749931335449219,0.9268378783867267,0.7851721094439541,0.7820331803741617
561,0.5603834986686707,0.9266613714588298,0.7825242718446602,0.7800917755030004
562,0.5803415179252625,0.9244550348601183,0.783053839364519,0.7804447582068479
563,0.5740457773208618,0.9282499338099021,0.7837599293909974,0.7837980938933993
564,0.5677577257156372,0.9296619892330774,0.7828773168578994,0.7866219555241794
565,0.5650056004524231,0.9278969199541082,0.7819947043248014,0.7841510765972467
566,0.5652628540992737,0.9289559615214897,0.7844660194174757,0.7815037063183904
567,0.5795395374298096,0.9287794545935928,0.7841129744042366,0.7813272149664666
568,0.5712157487869263,0.9283381872738505,0.7860547219770521,0.7864454641722556
569,0.5725449323654175,0.929220721913335,0.7844660194174757,0.7855630074126367
570,0.5585013031959534,0.9321330862236343,0.7834068843777582,0.7857394987645605
571,0.5652738809585571,0.9262201041390875,0.7818181818181819,0.7869749382280268
572,0.5634265542030334,0.9306327773365105,0.7857016769638129,0.7859159901164843
573,0.5739226341247559,0.9290442149854382,0.7846425419240953,0.7852100247087893
574,0.5593913197517395,0.9278969199541082,0.7846425419240953,0.7855630074126367
575,0.5717042088508606,0.9283381872738505,0.7809355692850839,0.7862689728203318
576,0.5622973442077637,0.9298384961609744,0.7848190644307149,0.7839745852453229
577,0.5665106177330017,0.928426440737799,0.7865842894969108,0.7836216025414755
578,0.5735520124435425,0.929397228841232,0.7842894969108561,0.7871514295799505
579,0.5656629204750061,0.9277204130262113,0.7811120917917035,0.7825626544299329
580,0.5683139562606812,0.9296619892330774,0.7841129744042366,0.7822096717260855
581,0.5670963525772095,0.9327508604712735,0.7876434245366284,0.7864454641722556
582,0.5637555122375488,0.929397228841232,0.7871138570167696,0.7850335333568655
583,0.5726575255393982,0.9279851734180566,0.7862312444836717,0.7836216025414755
584,0.5524540543556213,0.9306327773365105,0.7897616946160636,0.7878573949876456
585,0.5691303610801697,0.9293089753772835,0.7897616946160636,0.7862689728203318
586,0.5629116892814636,0.9323978466154796,0.7871138570167696,0.7871514295799505
587,0.5729076266288757,0.9320448327596859,0.7865842894969108,0.7887398517472644
588,0.5553412437438965,0.9308975377283558,0.7846425419240953,0.7866219555241794
589,0.5628171563148499,0.9329273673991704,0.7865842894969108,0.783268619837628
590,0.5619425177574158,0.9304562704086136,0.7825242718446602,0.7802682668549241
591,0.5611656904220581,0.9299267496249228,0.7857016769638129,0.784680550653018
592,0.5702842473983765,0.9323978466154796,0.7855251544571933,0.786092481468408
593,0.5727612972259521,0.9318683258317889,0.7848190644307149,0.7837980938933993
594,0.5605505704879761,0.9324861000794281,0.7848190644307149,0.7869749382280268
595,0.5562431216239929,0.9309857911923043,0.7851721094439541,0.7862689728203318
596,0.5606479048728943,0.9309857911923043,0.7892321270962047,0.7850335333568655
597,0.5618022084236145,0.931691818903892,0.7887025595763459,0.7867984468761031
598,0.5645850896835327,0.9304562704086136,0.78693733451015,0.7841510765972467
599,0.5585991740226746,0.9318683258317889,0.7849955869373345,0.7827391457818567
600,0.5551031231880188,0.931691818903892,0.7862312444836717,0.7845040593010942
601,0.5551285147666931,0.9262201041390875,0.7834068843777582,0.7843275679491705
602,0.5670227408409119,0.9325743535433766,0.78693733451015,0.7836216025414755
603,0.5597555041313171,0.9306327773365105,0.7879964695498676,0.7852100247087893
604,0.5557793974876404,0.9331038743270673,0.7876434245366284,0.784680550653018
605,0.564389169216156,0.9332803812549643,0.7885260370697263,0.7813272149664666
606,0.5560986995697021,0.9323978466154796,0.7888790820829655,0.7852100247087893
607,0.5656566023826599,0.932839113935222,0.7865842894969108,0.7857394987645605
608,0.5571879148483276,0.9324861000794281,0.78693733451015,0.7867984468761031
609,0.5603464841842651,0.9338981555026035,0.7876434245366284,0.7883868690434169
610,0.5594877004623413,0.9320448327596859,0.7860547219770521,0.7864454641722556
611,0.5723804831504822,0.929220721913335,0.7841129744042366,0.7873279209318743
612,0.5543208122253418,0.9301915100167681,0.78693733451015,0.7850335333568655
613,0.5546364188194275,0.9309857911923043,0.7834068843777582,0.7839745852453229
614,0.5643898844718933,0.9302797634807166,0.7832303618711386,0.7836216025414755
615,0.5580427646636963,0.9267496249227782,0.783936451897617,0.7841510765972467
616,0.570658802986145,0.9324861000794281,0.783936451897617,0.784680550653018
617,0.5683475136756897,0.9275439060983144,0.7814651368049427,0.7823861630780091
618,0.5676771998405457,0.9330156208631188,0.7855251544571933,0.7862689728203318
619,0.5586153864860535,0.9325743535433766,0.7853486319505737,0.784680550653018
620,0.5650904774665833,0.9286029476656958,0.7823477493380406,0.7820331803741617
621,0.5704145431518555,0.9308092842644073,0.7802294792586054,0.779562301447229
622,0.5759920477867126,0.9276321595622629,0.7834068843777582,0.779562301447229
623,0.5703550577163696,0.9296619892330774,0.7858781994704325,0.7848570420049418
624,0.5693084597587585,0.9326626070073251,0.7842894969108561,0.7823861630780091
625,0.5590324401855469,0.9251610625717059,0.7798764342453662,0.7811507236145429
626,0.562748372554779,0.9312505515841497,0.7837599293909974,0.7829156371337804
627,0.5658578276634216,0.9283381872738505,0.7835834068843778,0.783268619837628
628,0.5655428767204285,0.9258670902832936,0.7823477493380406,0.7823861630780091
629,0.5623817443847656,0.9312505515841497,0.78693733451015,0.7848570420049418
630,0.5669084787368774,0.9287794545935928,0.782171226831421,0.7822096717260855
631,0.5659580230712891,0.9301915100167681,0.7844660194174757,0.7823861630780091
632,0.5694618821144104,0.9310740446562528,0.7835834068843778,0.7830921284857042
633,0.5671657919883728,0.9331921277910158,0.7851721094439541,0.7871514295799505
634,0.5689728260040283,0.9368987732768511,0.790467784642542,0.786092481468408
635,0.5570554137229919,0.9331038743270673,0.7865842894969108,0.7815037063183904
636,0.5587865710258484,0.9308975377283558,0.7844660194174757,0.7816801976703142
637,0.5659741759300232,0.9323095931515312,0.7818181818181819,0.7825626544299329
638,0.5657074451446533,0.9343394228223457,0.7841129744042366,0.7800917755030004
639,0.561468780040741,0.9316035654399435,0.7828773168578994,0.776738439816449
640,0.5663172006607056,0.9331921277910158,0.7857016769638129,0.7829156371337804
641,0.5645660161972046,0.9317800723678404,0.7819947043248014,0.7830921284857042
642,0.5702049732208252,0.9342511693583974,0.7876434245366284,0.7815037063183904
643,0.5605141520500183,0.932839113935222,0.7862312444836717,0.7827391457818567
644,0.556664228439331,0.9309857911923043,0.7918799646954987,0.7852100247087893
645,0.5718624591827393,0.9331921277910158,0.7881729920564872,0.784680550653018
646,0.5589780211448669,0.9288677080575413,0.7849955869373345,0.7850335333568655
647,0.564145028591156,0.9311622981202012,0.787819947043248,0.7841510765972467
648,0.5637663006782532,0.9298384961609744,0.7846425419240953,0.7837980938933993
649,0.5583881735801697,0.9313388050480982,0.7894086496028243,0.7829156371337804
650,0.5598659515380859,0.9317800723678404,0.7871138570167696,0.783268619837628
651,0.5521960854530334,0.9322213396875827,0.7818181818181819,0.7848570420049418
652,0.5581431984901428,0.9301915100167681,0.7853486319505737,0.7845040593010942
653,0.5651362538337708,0.9308975377283558,0.7872903795233892,0.7834451111895517
654,0.561466634273529,0.9323978466154796,0.7851721094439541,0.7841510765972467
655,0.562203586101532,0.9318683258317889,0.7855251544571933,0.786092481468408
656,0.5563138723373413,0.9331038743270673,0.7871138570167696,0.786092481468408
657,0.5559728741645813,0.935927985173418,0.7885260370697263,0.7845040593010942
658,0.561002254486084,0.933809902038655,0.7902912621359224,0.7843275679491705
659,0.5594789385795593,0.9339864089665519,0.7899382171226832,0.7853865160607131
660,0.5535985231399536,0.9319565792957374,0.7901147396293028,0.7862689728203318
661,0.5519843101501465,0.9313388050480982,0.7881729920564872,0.7885633603953406
662,0.5611088871955872,0.9331038743270673,0.7883495145631068,0.7885633603953406
663,0.5574274659156799,0.931515311975995,0.787819947043248,0.7852100247087893
664,0.5571845173835754,0.9334568881828612,0.7862312444836717,0.7850335333568655
665,0.5516741871833801,0.9313388050480982,0.7862312444836717,0.7834451111895517
666,0.5558540225028992,0.9330156208631188,0.7881729920564872,0.7855630074126367
667,0.5529334545135498,0.9350454505339335,0.7890556045895851,0.7827391457818567
668,0.5625747442245483,0.9309857911923043,0.7853486319505737,0.7806212495587717
669,0.5585500597953796,0.9334568881828612,0.7879964695498676,0.7873279209318743
670,0.5520305633544922,0.9337216485747065,0.7853486319505737,0.7843275679491705
671,0.55820232629776,0.9296619892330774,0.7851721094439541,0.7836216025414755
672,0.5667710900306702,0.9362809990292119,0.7872903795233892,0.7883868690434169
673,0.5626184344291687,0.9317800723678404,0.7851721094439541,0.7809742322626191
674,0.5562256574630737,0.9326626070073251,0.7885260370697263,0.7859159901164843
675,0.5623810887336731,0.9345159297502427,0.787819947043248,0.7850335333568655
676,0.5599544644355774,0.9278086664901597,0.7848190644307149,0.7815037063183904
677,0.5668466687202454,0.934957197069985,0.7862312444836717,0.7876809036357219
678,0.5566455125808716,0.9342511693583974,0.7851721094439541,0.7837980938933993
679,0.5557175874710083,0.9270143853146235,0.7825242718446602,0.7818566890222379
680,0.5654693245887756,0.9293089753772835,0.7871138570167696,0.7839745852453229
681,0.5581914186477661,0.9330156208631188,0.7883495145631068,0.7830921284857042
682,0.5678889155387878,0.9251610625717059,0.7823477493380406,0.7807977409106954
683,0.5706160068511963,0.9333686347189127,0.7864077669902912,0.7866219555241794
684,0.5579671263694763,0.9324861000794281,0.7872903795233892,0.7864454641722556
685,0.5632815361022949,0.926131850675139,0.7825242718446602,0.7883868690434169
686,0.5592548251152039,0.9331038743270673,0.78693733451015,0.7873279209318743
687,0.5623471140861511,0.9340746624305004,0.7857016769638129,0.7820331803741617
688,0.5737771987915039,0.9264848645309328,0.7814651368049427,0.7800917755030004
689,0.5692514777183533,0.9307210308004589,0.7853486319505737,0.7802682668549241
690,0.5682753324508667,0.9338981555026035,0.7855251544571933,0.7811507236145429
691,0.553260862827301,0.9303680169446651,0.7853486319505737,0.7850335333568655
692,0.5595453977584839,0.9312505515841497,0.7860547219770521,0.7852100247087893
693,0.5608900785446167,0.9344276762862942,0.7842894969108561,0.7853865160607131
694,0.5561684966087341,0.9289559615214897,0.783053839364519,0.784680550653018
695,0.5627608895301819,0.9340746624305004,0.7858781994704325,0.7864454641722556
696,0.5597477555274963,0.9352219574618303,0.7849955869373345,0.7845040593010942
697,0.5558000802993774,0.9345159297502427,0.7834068843777582,0.7825626544299329
698,0.5520851016044617,0.9348689436060366,0.7865842894969108,0.7880338863395694
699,0.5591654777526855,0.9347806901420881,0.7862312444836717,0.7871514295799505
700,0.5582167506217957,0.9285146942017474,0.7849955869373345,0.7825626544299329
701,0.5727270841598511,0.9333686347189127,0.7849955869373345,0.7862689728203318
702,0.5578699707984924,0.9344276762862942,0.783053839364519,0.7841510765972467
703,0.5651434063911438,0.9298384961609744,0.7819947043248014,0.7813272149664666
704,0.5607357025146484,0.935927985173418,0.7860547219770521,0.7859159901164843
705,0.5589388608932495,0.9352219574618303,0.78693733451015,0.7855630074126367
706,0.5597544312477112,0.933809902038655,0.78693733451015,0.7859159901164843
707,0.56022047996521,0.9367222663489542,0.7867608120035304,0.7843275679491705
708,0.5596843957901001,0.934957197069985,0.7867608120035304,0.7882103776914932
709,0.5494214296340942,0.9331921277910158,0.7846425419240953,0.7841510765972467
710,0.5575154423713684,0.9362809990292119,0.7872903795233892,0.7845040593010942
711,0.5578972101211548,0.9306327773365105,0.78693733451015,0.7880338863395694
712,0.5562682151794434,0.9332803812549643,0.7892321270962047,0.7848570420049418
713,0.5570386052131653,0.9345159297502427,0.7892321270962047,0.7873279209318743
714,0.5586894750595093,0.9337216485747065,0.7865842894969108,0.7843275679491705
715,0.5501647591590881,0.9344276762862942,0.7823477493380406,0.7823861630780091
716,0.5505814552307129,0.9330156208631188,0.7864077669902912,0.7813272149664666
717,0.5505483150482178,0.9327508604712735,0.7890556045895851,0.7845040593010942
718,0.5597698092460632,0.9350454505339335,0.7874669020300088,0.7841510765972467
719,0.5576622486114502,0.9370752802047481,0.7842894969108561,0.7822096717260855
720,0.5438528060913086,0.9327508604712735,0.783936451897617,0.7852100247087893
721,0.5511484742164612,0.9358397317094695,0.78693733451015,0.7855630074126367
722,0.5508278012275696,0.935927985173418,0.7879964695498676,0.7875044122837981
723,0.5543231964111328,0.9367222663489542,0.7867608120035304,0.7839745852453229
724,0.54438716173172,0.9377813079163357,0.7881729920564872,0.7871514295799505
725,0.5417152047157288,0.938046068308181,0.7872903795233892,0.7905047652665019
726,0.5500011444091797,0.9390168564116141,0.7881729920564872,0.7885633603953406
727,0.5549221634864807,0.9365457594210572,0.7867608120035304,0.7855630074126367
728,0.552680492401123,0.9324861000794281,0.7851721094439541,0.7845040593010942
729,0.5495129227638245,0.9367222663489542,0.7846425419240953,0.7892693258030357
730,0.5507416725158691,0.937251787132645,0.7897616946160636,0.7866219555241794
731,0.5498581528663635,0.936104492101315,0.7860547219770521,0.7841510765972467
732,0.5443271398544312,0.934957197069985,0.783936451897617,0.7850335333568655
733,0.5620468258857727,0.9337216485747065,0.7848190644307149,0.7864454641722556
734,0.5570628046989441,0.9394581237313565,0.7872903795233892,0.7869749382280268
735,0.5534219741821289,0.9373400405965934,0.78693733451015,0.784680550653018
736,0.5484867691993713,0.9323095931515312,0.7841129744042366,0.7871514295799505
737,0.5518805980682373,0.936104492101315,0.783936451897617,0.7910342393222732
738,0.5606139302253723,0.9331921277910158,0.7842894969108561,0.786092481468408
739,0.5449655652046204,0.9313388050480982,0.7855251544571933,0.7845040593010942
740,0.5528485774993896,0.9331921277910158,0.7862312444836717,0.7834451111895517
741,0.5494441986083984,0.9313388050480982,0.7841129744042366,0.7845040593010942
742,0.5538831949234009,0.9335451416468097,0.7860547219770521,0.7845040593010942
743,0.5553863048553467,0.9371635336686965,0.7865842894969108,0.7908577479703495
744,0.5511177182197571,0.9342511693583974,0.7857016769638129,0.7896223085068832
745,0.5557400584220886,0.9323095931515312,0.7855251544571933,0.7876809036357219
746,0.5601450800895691,0.9366340128850057,0.7899382171226832,0.7889163430991881
747,0.5542650818824768,0.934957197069985,0.7835834068843778,0.7852100247087893
748,0.5633933544158936,0.9378695613802842,0.78693733451015,0.7836216025414755
749,0.5535037517547607,0.9381343217721295,0.7881729920564872,0.7841510765972467
750,0.5587407350540161,0.9332803812549643,0.7860547219770521,0.7852100247087893
751,0.5593727231025696,0.9367222663489542,0.7881729920564872,0.7866219555241794
752,0.5629554390907288,0.9353984643897273,0.7860547219770521,0.779562301447229
753,0.5629667043685913,0.9346924366781396,0.7849955869373345,0.7850335333568655
754,0.5530726313591003,0.9351337039978819,0.7865842894969108,0.7859159901164843
755,0.5608473420143127,0.9324861000794281,0.7818181818181819,0.7839745852453229
756,0.5576021075248718,0.9363692524931604,0.7848190644307149,0.7837980938933993
757,0.5422130227088928,0.9356632247815727,0.7846425419240953,0.7862689728203318
758,0.5561267733573914,0.9354867178536758,0.7857016769638129,0.7873279209318743
759,0.5545990467071533,0.9333686347189127,0.7849955869373345,0.7836216025414755
760,0.5578668713569641,0.9314270585120465,0.7835834068843778,0.7878573949876456
761,0.553871214389801,0.9345159297502427,0.7864077669902912,0.7857394987645605
762,0.5658705830574036,0.9369870267407996,0.7823477493380406,0.7841510765972467
763,0.5573470592498779,0.9345159297502427,0.783936451897617,0.7839745852453229
764,0.559849202632904,0.9377813079163357,0.7865842894969108,0.7867984468761031
765,0.5507774353027344,0.934957197069985,0.7846425419240953,0.779562301447229
766,0.5554004311561584,0.9346924366781396,0.7872903795233892,0.7843275679491705
767,0.5569362640380859,0.9344276762862942,0.7879964695498676,0.7829156371337804
768,0.5584509372711182,0.935927985173418,0.7895851721094439,0.7883868690434169
769,0.5486079454421997,0.9355749713176242,0.787819947043248,0.7837980938933993
770,0.54549640417099,0.9351337039978819,0.7872903795233892,0.786092481468408
771,0.5555519461631775,0.9385755890918719,0.78693733451015,0.7853865160607131
772,0.5472236275672913,0.9377813079163357,0.7844660194174757,0.7837980938933993
773,0.5437930226325989,0.9363692524931604,0.7828773168578994,0.7809742322626191
774,0.5468746423721313,0.9386638425558204,0.7849955869373345,0.7878573949876456
775,0.5512374043464661,0.937251787132645,0.7871138570167696,0.791916696081892
776,0.5436140298843384,0.935927985173418,0.7858781994704325,0.7873279209318743
777,0.5550916790962219,0.9345159297502427,0.7851721094439541,0.7850335333568655
778,0.5542972683906555,0.9387520960197687,0.7855251544571933,0.7903282739145782
779,0.5475932955741882,0.9391051098755626,0.7834068843777582,0.7910342393222732
780,0.5491676330566406,0.9343394228223457,0.7837599293909974,0.7848570420049418
781,0.5575620532035828,0.9363692524931604,0.7862312444836717,0.7843275679491705
782,0.5522633790969849,0.9358397317094695,0.7860547219770521,0.786092481468408
783,0.5452776551246643,0.9345159297502427,0.7819947043248014,0.7818566890222379
784,0.543609082698822,0.936104492101315,0.7827007943512798,0.7830921284857042
785,0.559049129486084,0.9303680169446651,0.7809355692850839,0.7820331803741617
786,0.5522368550300598,0.935927985173418,0.7814651368049427,0.7829156371337804
787,0.5485623478889465,0.9374282940605418,0.7818181818181819,0.7809742322626191
788,0.5501706004142761,0.9345159297502427,0.7867608120035304,0.7829156371337804
789,0.5595802068710327,0.9384873356279234,0.7862312444836717,0.7823861630780091
790,0.5495244264602661,0.9332803812549643,0.7853486319505737,0.7822096717260855
791,0.5569207072257996,0.9348689436060366,0.7837599293909974,0.7799152841510766
792,0.5589601993560791,0.9368105198129026,0.7828773168578994,0.7841510765972467
793,0.5539383292198181,0.9365457594210572,0.7834068843777582,0.7880338863395694
794,0.5551443696022034,0.9353102109257788,0.7841129744042366,0.7859159901164843
795,0.5509757399559021,0.9404289118347895,0.7858781994704325,0.7825626544299329
796,0.5501344203948975,0.9367222663489542,0.7849955869373345,0.7827391457818567
797,0.5445445775985718,0.9366340128850057,0.7849955869373345,0.7876809036357219
798,0.5520204305648804,0.9378695613802842,0.7867608120035304,0.7853865160607131
799,0.5360840559005737,0.9355749713176242,0.7828773168578994,0.7866219555241794
800,0.5507386922836304,0.9388403494837172,0.7788172992056487,0.7866219555241794
