epoch,loss,train_acc,val_acc,test_acc,gradient_norm
1,1.083881139755249,0.39249491691589355,0.39249491691589355,0.3925054967403412,0.18356214407648141
2,1.0632133483886719,0.3995943069458008,0.3995943069458008,0.39936748147010803,0.05183439096042536
3,1.0633474588394165,0.3995943069458008,0.3995943069458008,0.39936748147010803,0.04911186616508979
4,1.0628896951675415,0.3995943069458008,0.3995943069458008,0.39936748147010803,0.030728975394941255
5,1.0609784126281738,0.39249491691589355,0.39249491691589355,0.3925054967403412,0.03241466023970971
6,1.060373067855835,0.3995943069458008,0.3995943069458008,0.39936748147010803,0.03551373029847187
7,1.0593317747116089,0.3995943069458008,0.3995943069458008,0.39936748147010803,0.029838600635267342
8,1.0573227405548096,0.3995943069458008,0.3995943069458008,0.39936748147010803,0.03070307401132638
9,1.053507924079895,0.3995943069458008,0.3995943069458008,0.39936748147010803,0.0356316908756116
10,1.048988699913025,0.3995943069458008,0.3995943069458008,0.39936748147010803,0.12264851425318844
11,1.047908067703247,0.3995943069458008,0.3995943069458008,0.39936748147010803,0.08272447858491923
12,1.0440623760223389,0.3995943069458008,0.3995943069458008,0.39936748147010803,0.10142918202475051
13,1.030583143234253,0.3995943069458008,0.3995943069458008,0.39936748147010803,0.09319743012408845
14,1.0369328260421753,0.3995943069458008,0.3995943069458008,0.39936748147010803,0.23021813380251313
15,1.016219973564148,0.3995943069458008,0.3995943069458008,0.39936748147010803,0.09699797022453685
16,1.0139912366867065,0.3995943069458008,0.3995943069458008,0.39936748147010803,0.26835903673441275
17,0.9885428547859192,0.3995943069458008,0.3995943069458008,0.39936748147010803,0.18599823555836864
18,0.992685079574585,0.42089247703552246,0.4213995933532715,0.39817410707473755,0.36968689488210454
19,0.968316912651062,0.42089247703552246,0.4132860004901886,0.3969210386276245,0.10454423479070193
20,0.9676925539970398,0.4432048499584198,0.4366125762462616,0.413628488779068,0.36525248240910346
21,0.950433075428009,0.47058823704719543,0.44269776344299316,0.4330807328224182,0.1493381704972495
22,0.9320274591445923,0.4746450185775757,0.45436105132102966,0.44853511452674866,0.18668117889473623
23,0.9186833500862122,0.5212981700897217,0.5060851573944092,0.499552458524704,0.2664795258226201
24,0.8881094455718994,0.6166328191757202,0.569979727268219,0.5535532832145691,0.26239446334043015
25,0.8469379544258118,0.6480730175971985,0.6080121397972107,0.5937705039978027,0.2419482852976432
26,0.8081647753715515,0.6663286089897156,0.6470587849617004,0.6332119703292847,0.29643121287973345
27,0.7600494027137756,0.6774847507476807,0.6440162062644958,0.6253952980041504,0.4445665315847449
28,0.7240697145462036,0.6937119364738464,0.6460446119308472,0.6269466876983643,0.2775437021506307
29,0.6653122901916504,0.7099391222000122,0.6617646813392639,0.6444298624992371,0.2906130949536093
30,0.6557004451751709,0.7505070567131042,0.5963488817214966,0.5878632068634033,0.6542186890399588
31,0.6230109930038452,0.76673424243927,0.6708924770355225,0.6484276652336121,0.7019026836915759
32,0.5853564143180847,0.7505070567131042,0.6663286089897156,0.6582134962081909,0.32839026344950706
33,0.5539799332618713,0.8083164095878601,0.6282961368560791,0.6193686723709106,0.7145638228770405
34,0.5170947313308716,0.8164299726486206,0.6414807438850403,0.6232472062110901,0.47342307764797165
35,0.492530882358551,0.8326571583747864,0.633367121219635,0.6127454042434692,0.3913356751966038
36,0.4688141942024231,0.8407707810401917,0.6348884105682373,0.6188912987709045,0.44386173670598333
37,0.43915897607803345,0.8478701710700989,0.6176470518112183,0.6026015877723694,0.431943122705601
38,0.4151506721973419,0.8417849540710449,0.6495943069458008,0.6307058930397034,0.5573687065057298
39,0.4163905084133148,0.8468559384346008,0.6445233225822449,0.6318992376327515,0.5046499443279546
40,0.39753457903862,0.8681541085243225,0.6080121397972107,0.5975296497344971,0.4825384950491356
41,0.3720424771308899,0.8620689511299133,0.6374239325523376,0.6288561224937439,0.49571716622117806
42,0.35528564453125,0.8701825141906738,0.6318458318710327,0.6253356337547302,0.43313919293107583
43,0.3336861729621887,0.8793103098869324,0.6282961368560791,0.6208007335662842,0.4055453819648529
44,0.3383060395717621,0.8803245425224304,0.6409736275672913,0.6318992376327515,0.49812848675039834
45,0.3329436779022217,0.8965517282485962,0.5953346490859985,0.5842830538749695,0.7940758715818346
46,0.3327791392803192,0.9016227126121521,0.6059837341308594,0.5969329476356506,0.5640972301281625
47,0.30805230140686035,0.8965517282485962,0.6186612248420715,0.6146547794342041,0.4883940228714779
48,0.3191986680030823,0.8965517282485962,0.5654157996177673,0.5544483661651611,0.8324291568586516
49,0.3483373522758484,0.8995943069458008,0.6186612248420715,0.6134017109870911,1.0830700101897235
50,0.29240018129348755,0.8813387155532837,0.6541581749916077,0.6437734961509705,0.5518883768902278
51,0.3181328773498535,0.9117646813392639,0.6125760674476624,0.6026015877723694,1.0944339966102048
52,0.2907012403011322,0.9097362756729126,0.5887423753738403,0.5766453742980957,0.5350567673754136
53,0.2835995554924011,0.9168356657028198,0.6298174262046814,0.6116116642951965,0.8260710571055312
54,0.2912074625492096,0.9178498983383179,0.6384381055831909,0.6190106868743896,1.050499277907662
55,0.2654772400856018,0.9188640713691711,0.6277890205383301,0.6129840612411499,0.5879320451396068
56,0.2819919288158417,0.9158214926719666,0.610547661781311,0.6007518172264099,0.5737127036434818
57,0.2632612884044647,0.9188640713691711,0.6181541681289673,0.6108359694480896,0.5057163272587628
58,0.2641233801841736,0.9219066500663757,0.6110547780990601,0.5986037254333496,0.6569337457637564
59,0.24689272046089172,0.9219066500663757,0.6455374956130981,0.6338683366775513,0.5644849097868536
60,0.2879403829574585,0.9279918670654297,0.6039553880691528,0.587385892868042,1.158141891720721
61,0.2477535754442215,0.9310344457626343,0.6206896305084229,0.6006324887275696,0.6514084760803455
62,0.25803142786026,0.9361054301261902,0.6369168162345886,0.6208007335662842,0.6749511668530402
63,0.2508884072303772,0.9330628514289856,0.6480730175971985,0.62730473279953,0.7226977128823413
64,0.2478221356868744,0.9371196627616882,0.6455374956130981,0.6271256804466248,0.7907573349126759
65,0.2437005192041397,0.9442190527915955,0.6435090899467468,0.6127454042434692,0.8736492940243904
66,0.22004319727420807,0.9472616314888,0.6262677311897278,0.6014678478240967,0.6030302050587546
67,0.25574466586112976,0.9472616314888,0.6409736275672913,0.6230084896087646,0.9136676614467798
68,0.2393975406885147,0.9482758641242981,0.6465517282485962,0.6216360926628113,0.8080286712012794
69,0.24571236968040466,0.9482758641242981,0.6359026432037354,0.6146547794342041,0.6494110147586514
70,0.223195880651474,0.9503042101860046,0.6419878005981445,0.6249179244041443,0.638261896150235
71,0.21981534361839294,0.9421906471252441,0.6511155962944031,0.6360164284706116,0.5819649972916807
72,0.2319086641073227,0.9503042101860046,0.6480730175971985,0.6231278777122498,0.9093438159384291
73,0.21576088666915894,0.9543610215187073,0.6156186461448669,0.5956202745437622,0.5080743576821738
74,0.21914055943489075,0.9513184428215027,0.6424949169158936,0.6193686723709106,1.0222314674220212
75,0.20765936374664307,0.9513184428215027,0.6521298289299011,0.6324959397315979,0.5436030323206863
76,0.21349462866783142,0.9574036002159119,0.639452338218689,0.6255146265029907,0.8390769964912916
77,0.21428601443767548,0.9563894271850586,0.6293103098869324,0.615848183631897,0.6327147215035435
78,0.21057118475437164,0.9584178328514099,0.6521298289299011,0.6381048560142517,0.8682073845673867
79,0.1960664838552475,0.952332615852356,0.6490871906280518,0.638283908367157,0.5114238347826129
80,0.19717612862586975,0.9574036002159119,0.6364096999168396,0.6141774654388428,0.864870145794786
81,0.20444180071353912,0.9584178328514099,0.6445233225822449,0.6241422295570374,0.8321542677259095
82,0.19529004395008087,0.9594320058822632,0.6450304388999939,0.630944550037384,0.5838819490877647
83,0.20344896614551544,0.9634888172149658,0.6384381055831909,0.6180559396743774,0.7115020899414828
84,0.17842911183834076,0.9665313959121704,0.6414807438850403,0.6148338317871094,0.6024290692507543
85,0.1951194852590561,0.9655172228813171,0.6430020332336426,0.6258726716041565,0.6798625139857271
86,0.18025074899196625,0.9645029902458191,0.6414807438850403,0.6230682134628296,0.557691668576611
87,0.16671784222126007,0.9655172228813171,0.6176470518112183,0.5937108397483826,0.6126001889380982
88,0.18034501373767853,0.9604462385177612,0.6511155962944031,0.636255145072937,1.2295364443357817
89,0.17881228029727936,0.9604462385177612,0.6592292189598083,0.6409690380096436,0.9252293923736163
90,0.19966502487659454,0.9665313959121704,0.6227180361747742,0.601229190826416,1.1313963316563191
91,0.17887286841869354,0.9665313959121704,0.6348884105682373,0.6100602746009827,0.9487931539853074
92,0.17263880372047424,0.9584178328514099,0.6612575650215149,0.641148030757904,0.8006229126612745
93,0.20569953322410583,0.9604462385177612,0.6602433919906616,0.6391789317131042,0.845142501482132
94,0.1715359091758728,0.9685598015785217,0.6211967468261719,0.6011695265769958,1.106009272099181
95,0.19158993661403656,0.9695740342140198,0.6222109198570251,0.5990214347839355,0.9532679893363831
96,0.18819624185562134,0.9675456285476685,0.6643002033233643,0.6425800919532776,1.098912022741254
97,0.177866593003273,0.9513184428215027,0.6617646813392639,0.6529029011726379,0.8224328943596378
98,0.1939435750246048,0.9685598015785217,0.650608479976654,0.6404320001602173,1.0983851567785199
99,0.15738548338413239,0.9695740342140198,0.6262677311897278,0.6175786256790161,0.5829169420029668
100,0.18595437705516815,0.9716024398803711,0.6440162062644958,0.6295124888420105,0.8112764318021987
101,0.17361325025558472,0.9716024398803711,0.6465517282485962,0.6359567642211914,0.638720736351137
102,0.16724057495594025,0.9726166129112244,0.6379310488700867,0.6250969767570496,0.7524877656123914
103,0.15834984183311462,0.970588207244873,0.6353955268859863,0.6233068704605103,0.5099015708088886
104,0.1697601079940796,0.9716024398803711,0.6541581749916077,0.63953697681427,0.8335681651283123
105,0.16378691792488098,0.9695740342140198,0.6541581749916077,0.6434154510498047,0.49925420243036855
106,0.16934075951576233,0.970588207244873,0.6485801339149475,0.6252759695053101,0.870771385493344
107,0.16198912262916565,0.970588207244873,0.6485801339149475,0.6242615580558777,0.532767783203819
108,0.1554228961467743,0.9716024398803711,0.650608479976654,0.639894962310791,0.843632122209666
109,0.14633482694625854,0.9746450185775757,0.6419878005981445,0.6234261989593506,1.1150375198369706
110,0.1364072561264038,0.9746450185775757,0.6232251524925232,0.5991407632827759,0.5498680418072853
111,0.14834851026535034,0.9746450185775757,0.6475659012794495,0.638641893863678,1.2269568158690423
112,0.13812291622161865,0.9685598015785217,0.6597362756729126,0.6497403979301453,0.48755324370633246
113,0.17083729803562164,0.9726166129112244,0.6379310488700867,0.6143564581871033,1.5559925372124443
114,0.147287055850029,0.9726166129112244,0.6450304388999939,0.6214570999145508,0.88513485118264
115,0.15026970207691193,0.9736307859420776,0.650608479976654,0.6432364583015442,0.76712867626498
116,0.13914015889167786,0.9736307859420776,0.6617646813392639,0.6487857103347778,0.6340819599038879
117,0.16227488219738007,0.9787018299102783,0.6374239325523376,0.6199057102203369,1.3467541236262563
118,0.1177453026175499,0.9797160029411316,0.616125762462616,0.5937108397483826,0.6331386106860117
119,0.13241587579250336,0.9807301759719849,0.6217038631439209,0.6095829010009766,0.8837622440451987
120,0.13767586648464203,0.9807301759719849,0.6369168162345886,0.6200250387191772,0.5403048837987307
121,0.13644176721572876,0.9797160029411316,0.6450304388999939,0.6264693737030029,0.5197583675788539
122,0.1328543722629547,0.9787018299102783,0.6582149863243103,0.6381048560142517,0.6393450795582531
123,0.13414810597896576,0.9776875972747803,0.657200813293457,0.6421027183532715,0.5604661029885667
124,0.12595100700855255,0.9776875972747803,0.6495943069458008,0.6326152682304382,0.7366389427993072
125,0.12668775022029877,0.976673424243927,0.6475659012794495,0.6354794502258301,0.5325454113429148
126,0.12515220046043396,0.9746450185775757,0.6440162062644958,0.636613130569458,0.5354171951322267
127,0.12470371276140213,0.9787018299102783,0.6323529481887817,0.6256936192512512,0.5280704684781444
128,0.1284298449754715,0.9787018299102783,0.6267748475074768,0.6214570999145508,0.5093465307850745
129,0.1330171525478363,0.9787018299102783,0.633367121219635,0.6270660161972046,0.617346041201036
130,0.1360798329114914,0.9797160029411316,0.6364096999168396,0.6313025951385498,0.5121679212153959
131,0.1292589157819748,0.9797160029411316,0.6348884105682373,0.635002076625824,0.4929489582904216
132,0.12171071022748947,0.9847869873046875,0.6348884105682373,0.6319589614868164,0.5067377339330547
133,0.14579398930072784,0.9817444086074829,0.6455374956130981,0.6414463520050049,0.6754985645128304
134,0.12730343639850616,0.9827585816383362,0.6237322092056274,0.6271854043006897,0.8221850482324954
135,0.13123570382595062,0.9817444086074829,0.6490871906280518,0.641148030757904,0.7064103182814784
136,0.10831994563341141,0.9827585816383362,0.6440162062644958,0.6381645798683167,0.5021578315837529
137,0.12160616368055344,0.9807301759719849,0.6577078700065613,0.6453845500946045,0.6938529221729736
138,0.10694713145494461,0.9807301759719849,0.6602433919906616,0.6477116346359253,0.44372434503592983
139,0.10904932767152786,0.9807301759719849,0.6597362756729126,0.6431171298027039,0.4758064550351135
140,0.10470054298639297,0.9807301759719849,0.6404665112495422,0.6320186257362366,0.443621220430392
141,0.1382848471403122,0.9787018299102783,0.6470587849617004,0.638283908367157,0.9489627999913477
142,0.12564094364643097,0.9807301759719849,0.6364096999168396,0.6265887022018433,1.019066821024467
143,0.11973850429058075,0.9797160029411316,0.6085192561149597,0.5999164581298828,0.5929248994679707
144,0.15958575904369354,0.9817444086074829,0.6516227126121521,0.6378065347671509,1.6373885043678533
145,0.12709511816501617,0.9817444086074829,0.6485801339149475,0.6372098326683044,1.2465954306429958
146,0.10907536745071411,0.9807301759719849,0.6318458318710327,0.6182946562767029,0.6770742037804592
147,0.12859494984149933,0.9787018299102783,0.650608479976654,0.637030839920044,1.2142109547293714
148,0.11908592283725739,0.9787018299102783,0.6587221026420593,0.6477713584899902,0.5743769775229358
149,0.11472547799348831,0.9797160029411316,0.6450304388999939,0.6318395733833313,1.1491083632412418
150,0.1210363507270813,0.9817444086074829,0.6379310488700867,0.6177576184272766,1.01675712911036
151,0.13081999123096466,0.9827585816383362,0.6353955268859863,0.628080427646637,0.8322649061517765
152,0.13241441547870636,0.9776875972747803,0.6414807438850403,0.6359567642211914,0.7139597905492262
153,0.1499004364013672,0.9817444086074829,0.6384381055831909,0.6334506869316101,1.229327046670672
154,0.1338491141796112,0.9827585816383362,0.6348884105682373,0.6198460459709167,0.716425365221467
155,0.12550151348114014,0.9807301759719849,0.6455374956130981,0.6360761523246765,1.0481035812035977
156,0.12035643309354782,0.9787018299102783,0.656186580657959,0.6452652215957642,0.608293391623112
157,0.14305797219276428,0.9827585816383362,0.6485801339149475,0.6363148093223572,0.9400107889298297
158,0.11530587077140808,0.9787018299102783,0.6277890205383301,0.6231278777122498,0.43830789377137097
159,0.15126992762088776,0.9817444086074829,0.6577078700065613,0.6455038785934448,1.2674339645762116
160,0.12362785637378693,0.9807301759719849,0.6556795239448547,0.6435944437980652,0.9722742922072587
161,0.12131138145923615,0.9827585816383362,0.6242393255233765,0.6149531602859497,1.1634228808442304
162,0.11442489922046661,0.9837728142738342,0.6318458318710327,0.6231278777122498,1.0084437802165223
163,0.1129620298743248,0.9827585816383362,0.6485801339149475,0.637866199016571,0.6871692130407107
164,0.12401291728019714,0.9858012199401855,0.6399593949317932,0.6311832070350647,0.898110686098885
165,0.1294148564338684,0.9837728142738342,0.6348884105682373,0.6284980773925781,0.5948111458812358
166,0.11090779304504395,0.9817444086074829,0.6445233225822449,0.6351214051246643,0.6275858812424546
167,0.12161779403686523,0.9817444086074829,0.6440162062644958,0.6373291611671448,0.672829742531579
168,0.12101664394140244,0.9827585816383362,0.6424949169158936,0.6373291611671448,0.855382728049049
169,0.10480920225381851,0.9817444086074829,0.6409736275672913,0.6326152682304382,0.4844650748222817
170,0.1139567568898201,0.9787018299102783,0.6516227126121521,0.6465182900428772,0.7054939095312537
171,0.13410113751888275,0.9787018299102783,0.6546652913093567,0.6477713584899902,0.8732468543235792
172,0.12210293114185333,0.9776875972747803,0.6364096999168396,0.6320186257362366,0.6728797172224797
173,0.13511905074119568,0.9797160029411316,0.656693696975708,0.6444895267486572,1.2742621463323465
174,0.13579480350017548,0.9837728142738342,0.6541581749916077,0.6461602449417114,0.7815992636536041
175,0.11805221438407898,0.9827585816383362,0.6445233225822449,0.6338086724281311,0.8255752599150402
176,0.1310453861951828,0.9837728142738342,0.6556795239448547,0.6419833898544312,0.8267877407789835
177,0.12314946204423904,0.9817444086074829,0.6541581749916077,0.6459812521934509,0.7535524297698082
178,0.11004012078046799,0.9817444086074829,0.6546652913093567,0.6376275420188904,0.7851487966641939
179,0.11885342746973038,0.9827585816383362,0.6577078700065613,0.6370905041694641,0.44842357035307717
180,0.11472797393798828,0.9797160029411316,0.656186580657959,0.6426397562026978,0.6979412682592784
181,0.11921972036361694,0.9827585816383362,0.657200813293457,0.6420430541038513,0.6382077038579248
182,0.11042529344558716,0.9827585816383362,0.6531440019607544,0.6375678777694702,0.484516454987247
183,0.12717272341251373,0.9837728142738342,0.6541581749916077,0.6432364583015442,0.9620338369134913
184,0.12311654537916183,0.9847869873046875,0.650608479976654,0.6407899856567383,0.6058875747821515
185,0.12010130286216736,0.9837728142738342,0.639452338218689,0.6298108100891113,0.583617966093013
186,0.09340854734182358,0.9847869873046875,0.6399593949317932,0.6255146265029907,0.43341106040376215
187,0.11980311572551727,0.9817444086074829,0.6511155962944031,0.6389999389648438,0.5709242000379373
188,0.09793858230113983,0.9827585816383362,0.6455374956130981,0.6327346563339233,0.6415546847962403
189,0.11327125132083893,0.9837728142738342,0.6536511182785034,0.6409093737602234,1.108023136789185
190,0.12540635466575623,0.9837728142738342,0.6521298289299011,0.6371501684188843,0.7489474772862204
191,0.12585093080997467,0.9827585816383362,0.6592292189598083,0.6513515114784241,0.7553166980547922
192,0.11463753879070282,0.9797160029411316,0.6592292189598083,0.6474133133888245,0.6131084397601785
193,0.12020709365606308,0.9837728142738342,0.6531440019607544,0.6372694969177246,0.596358087079204
194,0.11589968204498291,0.9847869873046875,0.6531440019607544,0.6381645798683167,0.6170796809699148
195,0.11360129714012146,0.9807301759719849,0.6470587849617004,0.6329136490821838,0.5266593361585811
196,0.10432837903499603,0.9807301759719849,0.6516227126121521,0.6422220468521118,0.7662021533470235
197,0.09815339744091034,0.9807301759719849,0.6445233225822449,0.6344053745269775,0.6672728804300817
198,0.09293916076421738,0.9797160029411316,0.6364096999168396,0.6234261989593506,0.4070584227359218
199,0.12212175130844116,0.9787018299102783,0.657200813293457,0.6449071764945984,1.2058847192795505
200,0.11445777863264084,0.9807301759719849,0.6521298289299011,0.6413866877555847,0.8346301027517327
201,0.11040453612804413,0.9797160029411316,0.6176470518112183,0.60486900806427,0.8936758918879159
202,0.13468265533447266,0.9807301759719849,0.6450304388999939,0.6398352980613708,1.7629986792540748
203,0.1048804372549057,0.9807301759719849,0.6526368856430054,0.6477713584899902,0.6719560600694024
204,0.11481316387653351,0.9868153929710388,0.6343812942504883,0.6280207633972168,1.0240182024514806
205,0.11235975474119186,0.9837728142738342,0.6485801339149475,0.6373888254165649,1.1245636823953407
206,0.09717573970556259,0.9837728142738342,0.6475659012794495,0.6438331604003906,0.4645944334673713
207,0.11169906705617905,0.9837728142738342,0.6546652913093567,0.6441314816474915,0.4828389902961902
208,0.10650571435689926,0.9837728142738342,0.6399593949317932,0.6298704743385315,0.8876385500885129
209,0.11055226624011993,0.9827585816383362,0.6343812942504883,0.6185929775238037,0.6608238857388675
210,0.11653465777635574,0.9868153929710388,0.6435090899467468,0.6367324590682983,1.0092524707381192
211,0.10262773931026459,0.9807301759719849,0.656693696975708,0.6468762755393982,0.6688876216980132
212,0.1276707500219345,0.9837728142738342,0.6495943069458008,0.63953697681427,1.0706657333150742
213,0.09741618484258652,0.9817444086074829,0.6298174262046814,0.6163255572319031,0.6676269661199502
214,0.1241694912314415,0.9837728142738342,0.650608479976654,0.6428784132003784,1.3249015577838625
215,0.10082926601171494,0.9797160029411316,0.6607505083084106,0.6489050388336182,0.7592303414550228
216,0.12596498429775238,0.9847869873046875,0.6501014232635498,0.6351214051246643,1.1483085461129174
217,0.09120714664459229,0.9847869873046875,0.6399593949317932,0.6224715113639832,0.3817725900672243
218,0.08919545263051987,0.9858012199401855,0.6450304388999939,0.6292141675949097,0.9100203943839489
219,0.08818131685256958,0.9858012199401855,0.6536511182785034,0.6401933431625366,0.567512869708182
220,0.11316702514886856,0.9868153929710388,0.6288032531738281,0.6279610991477966,0.9229924878370398
221,0.11192488670349121,0.9847869873046875,0.6166328191757202,0.6130437254905701,0.6725881062094953
222,0.11140469461679459,0.9837728142738342,0.6435090899467468,0.6440121531486511,1.3551999627215383
223,0.11102703213691711,0.9837728142738342,0.6470587849617004,0.6437734961509705,1.0105715215452113
224,0.10678429901599884,0.9817444086074829,0.6389452219009399,0.6314815878868103,0.9175265231499006
225,0.09547770768404007,0.9837728142738342,0.6288032531738281,0.6221134662628174,0.563086188719153
226,0.08972404152154922,0.9847869873046875,0.6460446119308472,0.6356584429740906,1.2990990037515195
227,0.09849664568901062,0.9847869873046875,0.6516227126121521,0.6429978013038635,0.8242024225176678
228,0.1141878068447113,0.9868153929710388,0.6424949169158936,0.6302285194396973,1.2193268920787523
229,0.11044064909219742,0.9868153929710388,0.6485801339149475,0.641148030757904,1.4373051309778466
230,0.10493742674589157,0.9847869873046875,0.6495943069458008,0.646458625793457,0.559419239497203
231,0.11492534726858139,0.9868153929710388,0.639452338218689,0.6302285194396973,1.3210404081620868
232,0.09566903859376907,0.9858012199401855,0.6384381055831909,0.6249775886535645,0.9514774167442928
233,0.10960640758275986,0.9858012199401855,0.6521298289299011,0.641506016254425,1.0471301783631233
234,0.10930132120847702,0.9858012199401855,0.650608479976654,0.6360761523246765,1.3555602317976132
235,0.0987384021282196,0.9858012199401855,0.6308315992355347,0.6228294968605042,0.7416876089464259
236,0.11671018600463867,0.9858012199401855,0.6632859706878662,0.6480696797370911,0.954152351283323
237,0.07713090628385544,0.9847869873046875,0.6551724076271057,0.6398352980613708,0.6858654837554438
238,0.10765772312879562,0.9858012199401855,0.6526368856430054,0.6385822296142578,0.6863574339935188
239,0.10360623896121979,0.9878295660018921,0.6475659012794495,0.6336893439292908,0.5705475686915112
240,0.08869796991348267,0.9858012199401855,0.6495943069458008,0.635360062122345,0.5056002042542891
241,0.09904897958040237,0.9858012199401855,0.650608479976654,0.6384032368659973,0.6778820927794728
242,0.0836724042892456,0.9888437986373901,0.6516227126121521,0.6378065347671509,0.6419445975020961
243,0.08975112438201904,0.9878295660018921,0.6490871906280518,0.6316009163856506,0.6706224042902229
244,0.10485728085041046,0.9827585816383362,0.662778913974762,0.6529029011726379,1.0450249603540143
245,0.08750858157873154,0.9827585816383362,0.656186580657959,0.6412076950073242,0.7720779991788065
246,0.09834510833024979,0.9898579716682434,0.6495943069458008,0.6286174654960632,0.6560919390575655
247,0.09417739510536194,0.9858012199401855,0.6622717976570129,0.6475326418876648,1.1125179898998367
248,0.11502914875745773,0.9908722043037415,0.656693696975708,0.6380451917648315,1.0463344311255334
249,0.10276094824075699,0.9827585816383362,0.6293103098869324,0.6073751449584961,0.9446317845517852
250,0.1064223051071167,0.9898579716682434,0.6531440019607544,0.6373291611671448,1.5190827832879248
251,0.09832476079463959,0.9878295660018921,0.6556795239448547,0.6373291611671448,0.9459926489609053
252,0.09111425280570984,0.9888437986373901,0.6318458318710327,0.6138790845870972,0.9615575303637469
253,0.10062730312347412,0.9868153929710388,0.6424949169158936,0.6262903213500977,1.2179839279768407
254,0.09599016606807709,0.9817444086074829,0.6653143763542175,0.646458625793457,0.8913885955916857
255,0.1154460459947586,0.9847869873046875,0.6602433919906616,0.6405513286590576,1.146886755077053
256,0.09493760019540787,0.9888437986373901,0.632860004901886,0.6168625950813293,1.158880837585411
257,0.1123621016740799,0.9888437986373901,0.6531440019607544,0.6323766112327576,1.1713035708600192
258,0.09432397782802582,0.9827585816383362,0.6602433919906616,0.6432364583015442,0.7343333620375901
259,0.11413131654262543,0.9888437986373901,0.6430020332336426,0.6229488253593445,1.6497546549902686
260,0.11861541867256165,0.9858012199401855,0.6389452219009399,0.6159675121307373,0.9818018760396737
261,0.11112362146377563,0.9908722043037415,0.6511155962944031,0.6368518471717834,1.1838368221107718
262,0.09745953232049942,0.9918863773345947,0.6495943069458008,0.6428187489509583,1.0508905481067392
263,0.10450534522533417,0.9908722043037415,0.6490871906280518,0.6351214051246643,1.027911388197926
264,0.0827953964471817,0.9908722043037415,0.6277890205383301,0.6253952980041504,0.5561939752250622
265,0.09625297039747238,0.9858012199401855,0.6551724076271057,0.6506354808807373,1.3135911189389833
266,0.13096587359905243,0.9918863773345947,0.657200813293457,0.6489647030830383,1.35651982152703
267,0.0754735916852951,0.9827585816383362,0.6480730175971985,0.6338086724281311,0.8513623255836831
268,0.09989695250988007,0.9827585816383362,0.6577078700065613,0.6463392376899719,0.9778262460476145
269,0.10256533324718475,0.9858012199401855,0.6602433919906616,0.6502774357795715,0.6865560434868977
270,0.12463364750146866,0.9908722043037415,0.6526368856430054,0.6428187489509583,1.2044933928445882
271,0.10882480442523956,0.9918863773345947,0.6480730175971985,0.6366727948188782,0.8789266242410688
272,0.08852091431617737,0.9929006099700928,0.6501014232635498,0.6412673592567444,0.796451929892912
273,0.09686889499425888,0.9918863773345947,0.6475659012794495,0.638641893863678,0.8278744029877974
274,0.1032479777932167,0.9908722043037415,0.6460446119308472,0.6380451917648315,0.6999512516718311
275,0.10332230478525162,0.9898579716682434,0.6475659012794495,0.6358970999717712,0.7731793085650898
276,0.08060719817876816,0.9908722043037415,0.6592292189598083,0.6447281837463379,1.0120442147027489
277,0.11337854713201523,0.9929006099700928,0.6501014232635498,0.6355987787246704,1.2434218233905217
278,0.10551537573337555,0.9918863773345947,0.6546652913093567,0.6413866877555847,0.9358644731612129
279,0.0970839112997055,0.9918863773345947,0.6592292189598083,0.648845374584198,0.8478056559479457
280,0.09147047996520996,0.9929006099700928,0.6541581749916077,0.6483083367347717,0.8344312342814995
281,0.09725908935070038,0.9898579716682434,0.6526368856430054,0.6435944437980652,0.6352327644376461
282,0.10272500663995743,0.9908722043037415,0.6673427820205688,0.6587505340576172,1.0423394287708299
283,0.09997180104255676,0.9929006099700928,0.6683569550514221,0.6616743206977844,0.8490554616582361
284,0.10039976984262466,0.9888437986373901,0.6369168162345886,0.6342860460281372,1.085634389546043
285,0.11385393142700195,0.9888437986373901,0.6663286089897156,0.6595262289047241,1.9106498670997027
286,0.1262950748205185,0.9918863773345947,0.6678498983383179,0.6574974656105042,1.4703399831269515
287,0.10993266850709915,0.993914783000946,0.6501014232635498,0.6373888254165649,1.3590431449960483
288,0.09826859831809998,0.9949289560317993,0.6541581749916077,0.6368518471717834,1.4079390519890365
289,0.11552838981151581,0.9898579716682434,0.6617646813392639,0.6520078778266907,1.4377282649935528
290,0.11385473608970642,0.993914783000946,0.6653143763542175,0.6517691612243652,1.4322765573897642
291,0.08062484115362167,0.993914783000946,0.6389452219009399,0.6302285194396973,0.6542821983147632
292,0.103072389960289,0.9929006099700928,0.6607505083084106,0.6524255275726318,1.4538920309726202
293,0.08297430723905563,0.9918863773345947,0.6749492883682251,0.6585118174552917,0.5318689824351887
294,0.12146836519241333,0.9898579716682434,0.6643002033233643,0.6521868705749512,1.5727609804689984
295,0.08435314148664474,0.9918863773345947,0.6480730175971985,0.6367324590682983,0.8199408284531235
296,0.09846290946006775,0.9959431886672974,0.6597362756729126,0.6509934663772583,1.9706025191399175
297,0.08249832689762115,0.993914783000946,0.6648072600364685,0.6567217707633972,0.6049397476594623
298,0.1011502668261528,0.9959431886672974,0.6703853607177734,0.6566620469093323,1.0467296305946692
299,0.0791945829987526,0.9959431886672974,0.6678498983383179,0.6503371000289917,0.6647459063278112
300,0.08249255269765854,0.9959431886672974,0.679513156414032,0.6582731604576111,0.6885088541495327
301,0.06895703822374344,0.9959431886672974,0.68052738904953,0.6593471765518188,0.5742730409419975
302,0.0731881782412529,0.9959431886672974,0.6769776940345764,0.6596455574035645,0.6042025597088867
303,0.08106641471385956,0.9959431886672974,0.6708924770355225,0.6564830541610718,0.36352725525685875
304,0.09462999552488327,0.9959431886672974,0.6637930870056152,0.6535592675209045,0.7257329179907607
305,0.0843321904540062,0.9959431886672974,0.6643002033233643,0.6474133133888245,0.6559985427817338
306,0.07828586548566818,0.9969573616981506,0.6693711876869202,0.650874137878418,0.7461567526530047
307,0.06657290458679199,0.9969573616981506,0.6688640713691711,0.6543946266174316,0.4137175090073515
308,0.07466572523117065,0.9969573616981506,0.6703853607177734,0.657795786857605,0.6827625520423335
309,0.06548947840929031,0.9959431886672974,0.6663286089897156,0.6560654044151306,0.40576419756673143
310,0.08758348971605301,0.9959431886672974,0.6673427820205688,0.6578554511070251,0.5774199102181156
311,0.07553589344024658,0.9959431886672974,0.6719066500663757,0.661077618598938,1.05306311862694
312,0.06633882224559784,0.9959431886672974,0.6719066500663757,0.6577361226081848,0.8810124320595142
313,0.08685307949781418,0.9959431886672974,0.6653143763542175,0.6530222296714783,0.6168971178056877
314,0.0783524215221405,0.9959431886672974,0.6648072600364685,0.6557073593139648,0.5525360916218542
315,0.05737273022532463,0.9959431886672974,0.6648072600364685,0.6516498327255249,0.4701806679569052
316,0.07931191474199295,0.9929006099700928,0.6303245425224304,0.6166238784790039,1.0411493964827225
317,0.11635565757751465,0.9908722043037415,0.6632859706878662,0.6524255275726318,2.490029195281215
318,0.13190585374832153,0.9969573616981506,0.6749492883682251,0.6597052216529846,2.032594822825356
319,0.07630201429128647,0.9969573616981506,0.6663286089897156,0.6552299857139587,0.7480399094151491
320,0.07233424484729767,0.9959431886672974,0.6698783040046692,0.6569007635116577,0.9891321004274775
321,0.0798211321234703,0.9959431886672974,0.6653143763542175,0.659048855304718,0.7604551948959618
322,0.07537953555583954,0.9969573616981506,0.6698783040046692,0.6613162755966187,0.427267464510929
323,0.09368964284658432,0.9979715943336487,0.6683569550514221,0.6639417409896851,0.7508491060682478
324,0.0854407325387001,0.9969573616981506,0.6724137663841248,0.665970504283905,0.7504587443459142
325,0.08576984703540802,0.9969573616981506,0.6754563450813293,0.6671639084815979,0.7819941277666239
326,0.0711406022310257,0.9969573616981506,0.6719066500663757,0.6675815582275391,0.5504935130594456
327,0.07803270220756531,0.9969573616981506,0.6724137663841248,0.665970504283905,0.43321214924649065
328,0.08131131529808044,0.9969573616981506,0.6703853607177734,0.6669849157333374,0.7035503418450635
329,0.07061651349067688,0.9969573616981506,0.6698783040046692,0.6677009463310242,0.5597602704429374
330,0.0864328071475029,0.9949289560317993,0.6663286089897156,0.6538575887680054,0.9076287009552317
331,0.08990190923213959,0.9969573616981506,0.6693711876869202,0.6694909930229187,1.146473409063723
332,0.07589618861675262,0.9959431886672974,0.6820486783981323,0.6722357869148254,0.630730143356994
333,0.11279448866844177,0.9969573616981506,0.6698783040046692,0.6672235727310181,1.5478317266240176
334,0.05986567959189415,0.9979715943336487,0.6430020332336426,0.6427590847015381,0.44177640232852217
335,0.07474904507398605,0.9969573616981506,0.6719066500663757,0.6641803979873657,1.604386431752503
336,0.04682823270559311,0.9969573616981506,0.6724137663841248,0.6719971299171448,0.48284964135137975
337,0.07250887900590897,0.9969573616981506,0.6734279990196228,0.6706843972206116,0.7276885141121919
338,0.05803745985031128,0.9959431886672974,0.6729208827018738,0.6693716645240784,0.7497827887711246
339,0.07454130798578262,0.9959431886672974,0.6708924770355225,0.6632853746414185,1.1077459203676168
340,0.06997351348400116,0.9959431886672974,0.6698783040046692,0.6679396033287048,0.929604617252133
341,0.05746860057115555,0.9969573616981506,0.6784989833831787,0.6755772829055786,0.7243327789590105
342,0.061376847326755524,0.9969573616981506,0.6810344457626343,0.6742048859596252,0.6350627094836718
343,0.05770184472203255,0.9969573616981506,0.6724137663841248,0.6674025654792786,0.6854219705444731
344,0.060991864651441574,0.9969573616981506,0.6698783040046692,0.6640014052391052,0.8104620422019223
345,0.07939321547746658,0.9969573616981506,0.6703853607177734,0.6608986258506775,0.5408894475927396
346,0.04639248549938202,0.9969573616981506,0.6769776940345764,0.6709827184677124,1.192034578901959
347,0.06200789660215378,0.9969573616981506,0.6749492883682251,0.6730114817619324,0.5757325807561607
348,0.0685715526342392,0.9969573616981506,0.6840770840644836,0.6651351451873779,0.9482746949174371
349,0.08591447025537491,0.9969573616981506,0.679006040096283,0.6654334664344788,0.6428511108669375
350,0.05691339075565338,0.9969573616981506,0.6825557351112366,0.6688346266746521,0.5082496932596734
351,0.06003713607788086,0.9969573616981506,0.6749492883682251,0.6668655276298523,0.6811790278288944
352,0.06440138071775436,0.9969573616981506,0.6673427820205688,0.6591085195541382,1.0507037023404069
353,0.08642693608999252,0.9969573616981506,0.6779918670654297,0.6715794205665588,1.3925179765954707
354,0.04537665843963623,0.9959431886672974,0.6830628514289856,0.676531970500946,0.46239052492273053
355,0.06190205737948418,0.9969573616981506,0.6825557351112366,0.6774867177009583,0.6675001499397086
356,0.06700659543275833,0.9969573616981506,0.6754563450813293,0.6701473593711853,0.7519327447793906
357,0.07536926865577698,0.9969573616981506,0.6683569550514221,0.6693120002746582,0.9678896831173042
358,0.07596224546432495,0.9969573616981506,0.6774847507476807,0.6737871766090393,0.8138450851995149
359,0.06975216418504715,0.9969573616981506,0.6754563450813293,0.6724147796630859,0.7911216553086884
360,0.0787854865193367,0.9969573616981506,0.6693711876869202,0.6671042442321777,0.9100768607292433
361,0.05960739403963089,0.9969573616981506,0.6501014232635498,0.6534996032714844,0.6433290474420191
362,0.05566556006669998,0.9969573616981506,0.6526368856430054,0.6517691612243652,0.6101353951600716
363,0.07136239856481552,0.9969573616981506,0.656186580657959,0.6583328247070312,0.8000110453261302
364,0.07932324707508087,0.9969573616981506,0.673935055732727,0.6713407635688782,1.3096801187001168
365,0.06148773431777954,0.9969573616981506,0.679513156414032,0.6776657104492188,0.9328687832229822
366,0.07662228494882584,0.9959431886672974,0.6597362756729126,0.663106381893158,0.8243274910244734
367,0.10841882228851318,0.9969573616981506,0.6713995933532715,0.6712214350700378,2.672836736092041
368,0.11899866908788681,0.9969573616981506,0.673935055732727,0.6750999093055725,1.6143283839926472
369,0.08790071308612823,0.9949289560317993,0.6749492883682251,0.6693120002746582,1.764395718123479
370,0.0683773085474968,0.9929006099700928,0.6607505083084106,0.6542156338691711,2.0272090332756223
371,0.11824890226125717,0.9969573616981506,0.6724137663841248,0.672892153263092,1.675562365070054
372,0.07494983822107315,0.9959431886672974,0.6754563450813293,0.6730114817619324,0.6420337834282146
373,0.08387674391269684,0.9969573616981506,0.6769776940345764,0.675338625907898,0.8117436259185019
374,0.07135964930057526,0.9969573616981506,0.6749492883682251,0.682260274887085,0.8446781146879684
375,0.11320922523736954,0.993914783000946,0.6637930870056152,0.6659108400344849,1.0543558430900135
376,0.08002472668886185,0.9969573616981506,0.6891480684280396,0.6894802451133728,2.230806283417495
377,0.085832878947258,0.9969573616981506,0.6916835308074951,0.692463755607605,0.7753724646070622
378,0.08145531266927719,0.9969573616981506,0.6962474584579468,0.6957455277442932,0.7837273802069151
379,0.0742172822356224,0.9969573616981506,0.6921906471252441,0.6905543208122253,0.5892119519406939
380,0.06870277225971222,0.9969573616981506,0.6901622414588928,0.6881675124168396,0.7179196404062695
381,0.08482667058706284,0.9959431886672974,0.6881338357925415,0.6889432668685913,0.8833000820689534
382,0.06443743407726288,0.9959431886672974,0.6845841407775879,0.6894802451133728,0.7849349677722027
383,0.08693553507328033,0.9969573616981506,0.679513156414032,0.6872128248214722,0.819466552623854
384,0.059318799525499344,0.9959431886672974,0.6653143763542175,0.6628677248954773,0.6412045256463614
385,0.08804921805858612,0.9969573616981506,0.6815415620803833,0.6867354512214661,2.106466920426927
386,0.0703544169664383,0.9969573616981506,0.6769776940345764,0.6812458634376526,0.8338190885292125
387,0.08952387422323227,0.9969573616981506,0.6784989833831787,0.6853033900260925,1.3836247165464046
388,0.07392635196447372,0.9969573616981506,0.6643002033233643,0.6728324890136719,0.8275187581605181
389,0.07536947727203369,0.9969573616981506,0.6668356657028198,0.674562931060791,0.9027141856032784
390,0.06911010295152664,0.9969573616981506,0.6815415620803833,0.6913300156593323,1.0880540313615654
391,0.06395204365253448,0.9969573616981506,0.6916835308074951,0.6983113288879395,0.9495920709034973
392,0.08390001952648163,0.9969573616981506,0.6972616314888,0.7052329778671265,1.4767593112856627
393,0.06439859420061111,0.9969573616981506,0.7058823108673096,0.7078584432601929,0.40541241471408823
394,0.06594546139240265,0.9969573616981506,0.7008113265037537,0.7014738321304321,0.8578259629051072
395,0.06832945346832275,0.9969573616981506,0.703853964805603,0.6933587789535522,1.0696444912692509
396,0.050726938992738724,0.9959431886672974,0.6957403421401978,0.6876305341720581,0.6357118919649469
397,0.07440347969532013,0.9959431886672974,0.6876267790794373,0.6832746267318726,0.7911788636505045
398,0.07178230583667755,0.9959431886672974,0.6896551847457886,0.678560733795166,0.7012345008329757
399,0.05078653618693352,0.9969573616981506,0.68052738904953,0.6742048859596252,0.7687022685155355
400,0.06655500084161758,0.9959431886672974,0.6957403421401978,0.6851840615272522,1.4013948604795525
401,0.06652215868234634,0.9959431886672974,0.6962474584579468,0.6910913586616516,0.8446576487414574
402,0.06612987816333771,0.9969573616981506,0.7003042697906494,0.6959245800971985,0.7010596361104835
403,0.07214468717575073,0.9979715943336487,0.6911764740943909,0.6931201219558716,1.0356822010552
404,0.07156741619110107,0.9969573616981506,0.6871196627616882,0.6955068707466125,1.0276158681142307
405,0.08993460983037949,0.9969573616981506,0.7109533548355103,0.6999224424362183,1.2088712206289214
406,0.0751221552491188,0.9969573616981506,0.6962474584579468,0.692463755607605,0.7975203793974057
407,0.08709808439016342,0.9969573616981506,0.6987829208374023,0.6894205808639526,1.2979708224109365
408,0.062779001891613,0.993914783000946,0.6769776940345764,0.6737275123596191,0.6655018805839188
409,0.07418109476566315,0.9969573616981506,0.6916835308074951,0.6865564584732056,1.6830237752212043
410,0.08700298517942429,0.9969573616981506,0.6937119364738464,0.690792977809906,0.9704954422975444
411,0.10941828787326813,0.9959431886672974,0.6992900371551514,0.700638473033905,1.6612227398613983
412,0.09415818005800247,0.9959431886672974,0.702332615852356,0.6935974359512329,1.0210451789868757
413,0.10302519053220749,0.9949289560317993,0.7129817008972168,0.7049346566200256,1.634946937606691
414,0.05553510785102844,0.9959431886672974,0.7175456285476685,0.7097082138061523,0.4525799584685218
415,0.06876485049724579,0.9969573616981506,0.7119675278663635,0.7117369771003723,0.7090515682354355
416,0.08572118729352951,0.9969573616981506,0.7109533548355103,0.7120352983474731,0.7338294260053256
417,0.08443872630596161,0.9959431886672974,0.7119675278663635,0.7120949625968933,1.0650832214427814
418,0.08013269305229187,0.9959431886672974,0.7074036598205566,0.7003997564315796,0.7028726372734997
419,0.07365144789218903,0.9979715943336487,0.703346848487854,0.7022495269775391,0.7376911792333658
420,0.07133238017559052,0.9969573616981506,0.6957403421401978,0.694074809551239,0.7948222394210441
421,0.08017795532941818,0.9979715943336487,0.6906693577766418,0.6935974359512329,0.8732591089690533
422,0.059601813554763794,0.9959431886672974,0.686105489730835,0.6861984729766846,0.5775331603264401
423,0.052911415696144104,0.9959431886672974,0.680020272731781,0.6836326718330383,0.685356005593474
424,0.06934961676597595,0.9969573616981506,0.6881338357925415,0.6930007338523865,0.6240835417067853
425,0.07493958622217178,0.9969573616981506,0.7089249491691589,0.7035025954246521,0.8365610509821866
426,0.0933656096458435,0.9969573616981506,0.7089249491691589,0.7077987790107727,0.8038721740751312
427,0.06247939169406891,0.9969573616981506,0.7134888172149658,0.7085744738578796,0.7981232555551329
428,0.07680385559797287,0.9979715943336487,0.6987829208374023,0.6937167644500732,0.6690268314867489
429,0.07253949344158173,0.9969573616981506,0.7114604115486145,0.7138850688934326,1.9624348525495536
430,0.058581918478012085,0.9979715943336487,0.7124746441841125,0.7139447331428528,0.6010088921446374
431,0.05379783362150192,0.9979715943336487,0.7068965435028076,0.7126916646957397,0.606863104448192
432,0.06566445529460907,0.9969573616981506,0.7089249491691589,0.7113789319992065,0.5736534268947251
433,0.06637231260538101,0.9969573616981506,0.7139959335327148,0.7104242444038391,0.6967985736693305
434,0.04786812886595726,0.9969573616981506,0.7124746441841125,0.7097678780555725,0.7587096632425983
435,0.06991397589445114,0.9969573616981506,0.6982758641242981,0.6998030543327332,0.7292848445499954
436,0.07189344614744186,0.9959431886672974,0.6886409521102905,0.6956261992454529,1.3146835662838436
437,0.07887807488441467,0.9959431886672974,0.6850912570953369,0.6894802451133728,1.241620365157928
438,0.061846617609262466,0.9969573616981506,0.6734279990196228,0.676173985004425,0.9173861672323066
439,0.0896856039762497,0.9969573616981506,0.6830628514289856,0.6848857402801514,0.9577576769933627
440,0.06708656251430511,0.9969573616981506,0.7068965435028076,0.7079777717590332,1.1404121935216323
441,0.05929571017622948,0.9969573616981506,0.7058823108673096,0.7117369771003723,0.4998771088493569
442,0.09114988893270493,0.9979715943336487,0.7074036598205566,0.7101258635520935,0.7270527439174203
443,0.06579964607954025,0.9979715943336487,0.703346848487854,0.706307053565979,0.5736569387476124
444,0.07495206594467163,0.9979715943336487,0.7013184428215027,0.6986693739891052,0.7058873771639901
445,0.08330271393060684,0.9969573616981506,0.6982758641242981,0.6990273594856262,0.6711709536725218
446,0.08873405307531357,0.9959431886672974,0.7084178328514099,0.7090518474578857,1.0641860703847335
447,0.07598912715911865,0.9959431886672974,0.7175456285476685,0.7114385962486267,0.5787549856544473
448,0.07033843547105789,0.9969573616981506,0.7216024398803711,0.7183602452278137,0.6683490832678757
449,0.06850140541791916,0.9969573616981506,0.7251521348953247,0.7223581075668335,0.9594935929853121
450,0.0571296252310276,0.9969573616981506,0.7231237292289734,0.7223581075668335,0.6946628944702458
451,0.056689441204071045,0.9969573616981506,0.720081090927124,0.7196133136749268,0.6982839141947104
452,0.056040652096271515,0.9979715943336487,0.7210953235626221,0.7151381373405457,0.5547790960009387
453,0.06691421568393707,0.998985767364502,0.7114604115486145,0.7129303216934204,0.4434460023805076
454,0.06598901748657227,0.9979715943336487,0.7074036598205566,0.7088131308555603,0.7006033514126127
455,0.06648542732000351,0.9979715943336487,0.6982758641242981,0.6989080309867859,0.495558585196439
456,0.07290121912956238,0.9979715943336487,0.6957403421401978,0.6975952982902527,0.8639554096209091
457,0.08215517550706863,0.9969573616981506,0.6962474584579468,0.699385404586792,0.4388830293764706
458,0.06913305073976517,0.9959431886672974,0.703346848487854,0.7026075124740601,0.9136032185298357
459,0.07296183705329895,0.9969573616981506,0.7139959335327148,0.7093501687049866,0.9079073761302333
460,0.0794287919998169,0.9969573616981506,0.7013184428215027,0.7079777717590332,0.5657779038498738
461,0.08263704925775528,0.9969573616981506,0.7089249491691589,0.7098872065544128,1.0921543598712498
462,0.08280915766954422,0.9979715943336487,0.7175456285476685,0.7167491912841797,1.7513700542547332
463,0.06585349142551422,0.9969573616981506,0.7170385122299194,0.7146607637405396,1.0507848844644823
464,0.05835734307765961,0.9979715943336487,0.720081090927124,0.7244465351104736,0.856344281472239
465,0.07247907668352127,0.9979715943336487,0.7302231192588806,0.7292200922966003,0.6401655547287746
466,0.06977958977222443,0.9979715943336487,0.7302231192588806,0.7310101985931396,1.0853782577108517
467,0.10007041692733765,0.9979715943336487,0.7236307859420776,0.7280864119529724,1.038944856053034
468,0.06468323618173599,0.9979715943336487,0.720588207244873,0.7247449159622192,0.6964826813644382
469,0.07786320149898529,0.9979715943336487,0.7287018299102783,0.7296378016471863,0.8459946855728403
470,0.07202829420566559,0.9969573616981506,0.7246450185775757,0.7296378016471863,0.8585173638799627
471,0.08881890773773193,0.9969573616981506,0.7292088866233826,0.7282654047012329,0.6308787992295846
472,0.069064199924469,0.9979715943336487,0.7307301759719849,0.7265349626541138,0.8552642052697789
473,0.06915032863616943,0.9979715943336487,0.7317444086074829,0.7233128547668457,1.0620913695400238
474,0.06561529636383057,0.9979715943336487,0.7063894271850586,0.7027865648269653,0.6300019167237519
475,0.07058984786272049,0.9979715943336487,0.7271804809570312,0.7211647033691406,1.371129910727695
476,0.07123757898807526,1.0,0.726166307926178,0.7259979248046875,0.8126772188900266
477,0.07421576231718063,1.0,0.7312372922897339,0.7243868708610535,0.9899977874967495
478,0.056241512298583984,1.0,0.7281947135925293,0.7230144739151001,0.5837445787484431
479,0.05982862040400505,1.0,0.7327585816383362,0.7284443974494934,0.8847248105655102
480,0.0688488632440567,1.0,0.7337728142738342,0.734411358833313,0.6071236952968408
481,0.05638870224356651,1.0,0.7373225092887878,0.7391849160194397,0.6644158295691331
482,0.06585688889026642,1.0,0.7423934936523438,0.7417506575584412,0.6974010812912448
483,0.05009378865361214,1.0,0.7484787106513977,0.7433021068572998,0.6173203025962072
484,0.04581666737794876,1.0,0.7505070567131042,0.7409152984619141,0.6596213235422349
485,0.06172628328204155,1.0,0.7464503049850464,0.7409152984619141,0.8026180843064268
486,0.056056395173072815,1.0,0.75,0.7403185963630676,0.6555024250506126
487,0.0843263640999794,0.998985767364502,0.7454360723495483,0.7387672066688538,0.8881899686429454
488,0.06894825398921967,0.9969573616981506,0.7373225092887878,0.7287427186965942,0.7106361609060846
489,0.07200521230697632,0.9969573616981506,0.7429006099700928,0.7346500158309937,1.434956486324076
490,0.06594562530517578,0.998985767364502,0.7403650879859924,0.7385285496711731,0.6612756669301325
491,0.04125199466943741,1.0,0.7408722043037415,0.7423473596572876,0.5409946607227135
492,0.05220503732562065,1.0,0.7408722043037415,0.7447938323020935,0.5913929096814368
493,0.04924387484788895,1.0,0.743914783000946,0.746225893497467,0.5328655162967024
494,0.04538223519921303,1.0,0.7408722043037415,0.7454501986503601,0.3104841301805156
495,0.06075922027230263,1.0,0.7358012199401855,0.7423473596572876,0.7287669576159299
496,0.03894922509789467,0.998985767364502,0.7337728142738342,0.7400202751159668,0.49242110376310566
497,0.05551854148507118,1.0,0.7292088866233826,0.7345903515815735,0.684245376818155
498,0.06506120413541794,1.0,0.7287018299102783,0.7337549924850464,0.778319440589942
499,0.06012222543358803,1.0,0.7287018299102783,0.7301748394966125,1.129510949880777
500,0.0587012954056263,1.0,0.7332656979560852,0.736440122127533,0.780660747185352
501,0.05738304927945137,1.0,0.7525354623794556,0.7465242147445679,0.9444388075761022
502,0.06166476756334305,1.0,0.7570993900299072,0.7477176189422607,0.6255312989752535
503,0.05133606120944023,1.0,0.7545638680458069,0.7492690086364746,0.4984595974335715
504,0.06806564331054688,1.0,0.7530425786972046,0.7530878782272339,0.8115624357932708
505,0.06980277597904205,1.0,0.749492883682251,0.7512977719306946,1.0134536955950497
506,0.07004226744174957,1.0,0.7555781006813049,0.7511784434318542,0.491111380757365
507,0.06143343821167946,1.0,0.7530425786972046,0.7487320303916931,0.550140346482634
508,0.04197518900036812,1.0,0.7510141730308533,0.7499253749847412,0.582844106317773
509,0.04780028387904167,1.0,0.7337728142738342,0.7456888556480408,0.5752608480185755
510,0.05612664669752121,0.9979715943336487,0.7236307859420776,0.732382595539093,0.521750178487069
511,0.06824923306703568,1.0,0.7327585816383362,0.743719756603241,1.1855155975962821
512,0.057950738817453384,1.0,0.7302231192588806,0.7381108403205872,0.7524159054322019
513,0.07376237958669662,1.0,0.7322515249252319,0.7425264120101929,0.8799022387731108
514,0.06204654276371002,1.0,0.7332656979560852,0.7409152984619141,0.6543706814400759
515,0.05355079099535942,1.0,0.7337728142738342,0.7407959699630737,0.7720647861401354
516,0.06928785890340805,1.0,0.7388437986373901,0.7415120005607605,0.6064722517913633
517,0.0706910490989685,1.0,0.7479715943336487,0.7434810996055603,0.5721334737819245
518,0.07980852574110031,1.0,0.7525354623794556,0.7511784434318542,1.0175767434767637
519,0.06520552933216095,1.0,0.7525354623794556,0.7539829015731812,0.7212812021823007
520,0.05492537096142769,1.0,0.748985767364502,0.7547585964202881,0.6852175128707387
521,0.05752311646938324,0.998985767364502,0.749492883682251,0.752312183380127,0.6248467908117911
522,0.06489051878452301,0.9979715943336487,0.7479715943336487,0.7520734667778015,0.5480961467546248
523,0.037605781108140945,0.9979715943336487,0.7388437986373901,0.7492690086364746,0.39855849136884514
524,0.06323596090078354,0.9959431886672974,0.7368153929710388,0.7414523363113403,0.8869114276067898
525,0.07059909403324127,0.9979715943336487,0.7358012199401855,0.7478369474411011,0.7730400080946453
526,0.043049462139606476,0.9979715943336487,0.7302231192588806,0.7440181374549866,0.9741391288487085
527,0.05175283923745155,0.9979715943336487,0.7292088866233826,0.7390058636665344,0.43765522993666717
528,0.0471344068646431,0.998985767364502,0.7241379022598267,0.7367384433746338,0.4844676709237298
529,0.061675868928432465,1.0,0.726673424243927,0.7417506575584412,1.1001189044971387
530,0.04653357341885567,1.0,0.7251521348953247,0.741690993309021,0.9805856877459257
531,0.046787671744823456,1.0,0.7383366823196411,0.7475386261940002,0.9248947608611308
532,0.044220831245183945,1.0,0.7413793206214905,0.7484933137893677,0.43661302587633594
533,0.04401843994855881,1.0,0.7429006099700928,0.75153648853302,0.7766763979970011
534,0.044000282883644104,1.0,0.748985767364502,0.7578614354133606,0.5449980309586316
535,0.05241084471344948,1.0,0.7601419687271118,0.759591817855835,0.479671701233181
536,0.05550181493163109,1.0,0.7641987800598145,0.7635300159454346,0.7172586026730146
537,0.03597705811262131,1.0,0.7636916637420654,0.7663344740867615,0.42369210488241904
538,0.05438080430030823,1.0,0.7606490850448608,0.7663941383361816,0.5783423855058915
539,0.05748859420418739,1.0,0.7621703743934631,0.7647234201431274,0.657123685783434
540,0.06801586598157883,1.0,0.7586206793785095,0.7638283967971802,1.4016850929263078
541,0.05929504707455635,1.0,0.7576064467430115,0.7609642148017883,0.551252809135021
542,0.06793424487113953,1.0,0.748985767364502,0.7542216181755066,0.8561102496167934
543,0.06837581098079681,1.0,0.7464503049850464,0.7521331906318665,1.0692376629219933
544,0.04519980773329735,1.0,0.7459431886672974,0.7487320303916931,0.9602126725589227
545,0.07849064469337463,1.0,0.7332656979560852,0.7373351454734802,1.5428563641739494
546,0.07303370535373688,1.0,0.7444218993186951,0.7390655875205994,0.95940310279799
547,0.0625232681632042,1.0,0.7525354623794556,0.7461662292480469,0.8177583499385818
548,0.06384585797786713,1.0,0.7606490850448608,0.749030351638794,0.6111408664805109
549,0.06768546253442764,1.0,0.7586206793785095,0.7497463822364807,1.0640268585582082
550,0.04187460616230965,0.998985767364502,0.7565922737121582,0.7476579546928406,0.4042844017550691
551,0.04695110023021698,1.0,0.7576064467430115,0.746583878993988,0.6849249370997641
552,0.07007728517055511,1.0,0.7626774907112122,0.7494480609893799,0.9034923759173588
553,0.060570187866687775,0.998985767364502,0.7560851573944092,0.7544602751731873,0.6900766055863444
554,0.0785648375749588,0.998985767364502,0.7570993900299072,0.7556536793708801,1.2477123972132367
555,0.06078127399086952,0.998985767364502,0.7591277956962585,0.7543409466743469,0.5557707665835306
556,0.06349053233861923,1.0,0.7550709843635559,0.7590548396110535,0.8496122049655863
557,0.03935297578573227,1.0,0.7621703743934631,0.7629333138465881,0.36256672721637273
558,0.05195462331175804,1.0,0.7621703743934631,0.7669311761856079,0.46148414214261924
559,0.07899978756904602,1.0,0.7647058367729187,0.7643653750419617,0.9484930497023994
560,0.07283391058444977,1.0,0.7621703743934631,0.7635896801948547,0.7651781403654626
561,0.08552443236112595,1.0,0.7606490850448608,0.7612029314041138,1.3363886689871434
562,0.071372389793396,1.0,0.7570993900299072,0.7585774660110474,1.3306622666928272
563,0.046539679169654846,1.0,0.7601419687271118,0.7575033903121948,0.6066262058641739
564,0.059336017817258835,1.0,0.7555781006813049,0.7576227784156799,1.0609068053100732
565,0.045113496482372284,1.0,0.7510141730308533,0.7560713291168213,0.6150318615309668
566,0.06131211295723915,1.0,0.7535496950149536,0.7550569772720337,1.2736035010261697
567,0.06434286385774612,1.0,0.7545638680458069,0.7564293742179871,0.7807594931479729
568,0.09632585942745209,1.0,0.7657200694084167,0.7631123661994934,0.822711480870409
569,0.0628185123205185,1.0,0.7652129530906677,0.7659764885902405,1.194436039837432
570,0.07083270698785782,1.0,0.7581135630607605,0.7592934966087341,1.2657053573043142
571,0.06796571612358093,1.0,0.7652129530906677,0.7624559998512268,0.8149448882171646
572,0.06763384491205215,1.0,0.7707910537719727,0.7722417712211609,0.7678443690686827
573,0.0657154843211174,1.0,0.772312343120575,0.7740915417671204,0.5868953264360458
574,0.06892779469490051,1.0,0.7682555317878723,0.7674682140350342,1.1236066638083793
575,0.0712595283985138,1.0,0.7636916637420654,0.7654991149902344,1.1484927246753922
576,0.05398985743522644,1.0,0.7621703743934631,0.7609642148017883,0.7739076774529983
577,0.07374110072851181,1.0,0.7677484750747681,0.7666328549385071,0.9805805105431394
578,0.08167975395917892,1.0,0.7545638680458069,0.766155481338501,0.7749002081557328
579,0.11690779030323029,1.0,0.7636916637420654,0.7715854048728943,1.162846537979649
580,0.12345371395349503,0.998985767364502,0.7718052268028259,0.7715257406234741,0.9320018566606885
581,0.07065226137638092,0.998985767364502,0.7636916637420654,0.7638283967971802,0.7803258262891116
582,0.08561106026172638,0.998985767364502,0.7647058367729187,0.7678261995315552,1.2771874440080653
583,0.07084617763757706,1.0,0.7641987800598145,0.7638283967971802,0.7662270658963997
584,0.07068214565515518,1.0,0.7611561417579651,0.7638283967971802,0.7998561456538859
585,0.05631313472986221,1.0,0.7657200694084167,0.7657974362373352,0.5417571177382376
586,0.050654586404561996,1.0,0.7641987800598145,0.7664538025856018,0.3977499560548213
587,0.06728900223970413,1.0,0.7662271857261658,0.7653201222419739,0.7368715598378018
588,0.058393996208906174,1.0,0.7697768807411194,0.7675278782844543,0.6224820767405288
589,0.04861651733517647,1.0,0.7743407487869263,0.771048367023468,0.5339359107575531
590,0.04638097807765007,1.0,0.772312343120575,0.7742108702659607,0.5526443096363296
591,0.060239605605602264,1.0,0.7743407487869263,0.7733754515647888,0.7421267772178085
592,0.059121303260326385,1.0,0.7758620381355286,0.7733157873153687,0.43194221414508355
593,0.05676034092903137,1.0,0.7819472551345825,0.7782683968544006,0.5193807916708528
594,0.10453160852193832,1.0,0.7819472551345825,0.7766572833061218,0.7612532397183049
595,0.056793808937072754,1.0,0.7789046764373779,0.775105893611908,0.4305480922052252
596,0.060422416776418686,1.0,0.7778904438018799,0.7736141681671143,0.4273905770025548
597,0.05176189914345741,1.0,0.7799188494682312,0.772719144821167,0.6898955789447205
598,0.04328358918428421,1.0,0.7834685444831848,0.7746285200119019,0.4739492854528495
599,0.05303521081805229,1.0,0.7804259657859802,0.7745688557624817,0.49390920699915863
600,0.06864117830991745,1.0,0.7758620381355286,0.765737771987915,0.8659409057476793
601,0.05410036817193031,1.0,0.7641987800598145,0.7598901987075806,0.524381588727597
602,0.06874169409275055,1.0,0.7641987800598145,0.7589951753616333,0.7409647948583284
603,0.05212656781077385,1.0,0.7687626481056213,0.7629333138465881,0.5952971081492603
604,0.04553190618753433,1.0,0.7763691544532776,0.769795298576355,0.30659114072863586
605,0.05019351840019226,1.0,0.7753549218177795,0.7665731906890869,0.6787579470415878
606,0.053808312863111496,1.0,0.7783975601196289,0.7678858637809753,0.6624213099810341
607,0.05309007689356804,1.0,0.772312343120575,0.7644847631454468,0.4335211426275164
608,0.05631416290998459,1.0,0.7687626481056213,0.7616802453994751,0.6990548644412533
609,0.0649934783577919,1.0,0.7718052268028259,0.7591145038604736,0.6321549568364381
610,0.06876623630523682,1.0,0.76673424243927,0.7564890384674072,1.0131095286523706
611,0.054320111870765686,1.0,0.7682555317878723,0.7558923363685608,1.4527887847289647
612,0.05775986239314079,1.0,0.7616632580757141,0.7562503814697266,0.5529320848531335
613,0.032554928213357925,1.0,0.7560851573944092,0.7530878782272339,0.5785117091056541
614,0.05863291770219803,1.0,0.7560851573944092,0.75356525182724,0.681032578567648
615,0.0492052398622036,1.0,0.7652129530906677,0.7561309933662415,0.4849969244958382
616,0.0593743734061718,1.0,0.767241358757019,0.7594724893569946,0.8997710604052702
617,0.04886366426944733,1.0,0.7647058367729187,0.7562503814697266,0.8044484937560796
618,0.03854519501328468,1.0,0.7510141730308533,0.7495077252388,0.5640220396164997
619,0.05947820097208023,1.0,0.7586206793785095,0.7530878782272339,1.2114181380052897
620,0.06119288504123688,1.0,0.7636916637420654,0.7610239386558533,0.7084294435566847
621,0.07818114757537842,1.0,0.7697768807411194,0.7650814056396484,1.072648402476956
622,0.04572203755378723,1.0,0.772312343120575,0.7671101689338684,0.7011474709249462
623,0.04333765432238579,1.0,0.7631845474243164,0.7640670537948608,1.0216755867305949
624,0.06085820496082306,1.0,0.7576064467430115,0.7586967945098877,0.6638210374820264
625,0.05036468058824539,1.0,0.7550709843635559,0.7627543210983276,0.8975994113322269
626,0.06036506965756416,1.0,0.7606490850448608,0.7649620771408081,0.7678455702497639
627,0.09120040386915207,1.0,0.7636916637420654,0.7681245803833008,0.957557258951291
628,0.03978061303496361,1.0,0.7662271857261658,0.768661618232727,0.3365224291132146
629,0.0538487546145916,1.0,0.7697768807411194,0.7696759700775146,0.676497257709377
630,0.06419225037097931,1.0,0.7763691544532776,0.7687212824821472,0.8101773199584222
631,0.0572388730943203,1.0,0.772819459438324,0.7692582607269287,0.7549021455283634
632,0.04394511505961418,1.0,0.7748478651046753,0.7679455876350403,0.3918655874030869
633,0.04875029996037483,1.0,0.7657200694084167,0.7643057107925415,0.6612343733223542
634,0.0573924221098423,1.0,0.7606490850448608,0.7619189620018005,0.3864336979165335
635,0.07108470797538757,1.0,0.7652129530906677,0.7637090086936951,0.8048826986696835
636,0.05361953005194664,1.0,0.7712981700897217,0.7637686729431152,0.6391784174247869
637,0.05051326006650925,1.0,0.767241358757019,0.7638880610466003,0.5309672907341079
638,0.04914850369095802,1.0,0.7682555317878723,0.7690792679786682,0.5937800404788541
639,0.06774179637432098,1.0,0.772312343120575,0.774688184261322,0.7952590957889735
640,0.0422670841217041,1.0,0.7794117331504822,0.7768959999084473,0.5393283405896061
641,0.05366859585046768,1.0,0.7799188494682312,0.7790440917015076,0.954167636856689
642,0.05853430554270744,1.0,0.7778904438018799,0.7773136496543884,0.80364080703294
643,0.052502844482660294,1.0,0.7814401388168335,0.7774926424026489,0.7004854886899622
644,0.03807754069566727,1.0,0.7814401388168335,0.779640793800354,0.5871156601026036
645,0.05660778656601906,1.0,0.7819472551345825,0.7791634202003479,0.9764947351957518
646,0.05457989126443863,1.0,0.7794117331504822,0.7810131907463074,0.7313458990235305
647,0.07059787958860397,1.0,0.7753549218177795,0.7811325192451477,0.9639431691004307
648,0.046193789690732956,1.0,0.767241358757019,0.7760009169578552,0.48994142195027546
649,0.05303064361214638,1.0,0.7641987800598145,0.7715257406234741,0.4562810501910849
650,0.042866259813308716,1.0,0.7753549218177795,0.7752848863601685,0.9233537933615558
651,0.05742613971233368,0.998985767364502,0.7773833274841309,0.7758219242095947,0.3929304440786295
652,0.0688844844698906,1.0,0.7829614281654358,0.7772539854049683,0.8304077648614618
653,0.060109708458185196,1.0,0.7783975601196289,0.7777313590049744,0.5889783338783879
654,0.047284021973609924,1.0,0.772312343120575,0.7724207639694214,0.43608404125351774
655,0.03491451218724251,1.0,0.7712981700897217,0.7703323364257812,0.31170198576089764
656,0.06911426037549973,1.0,0.7778904438018799,0.7740915417671204,0.682442727366068
657,0.0430445596575737,1.0,0.7814401388168335,0.7750462293624878,0.4613783797313286
658,0.03396153077483177,1.0,0.7814401388168335,0.772301435470581,0.40265145645893863
659,0.031169302761554718,1.0,0.772819459438324,0.7671101689338684,0.3540367085010572
660,0.04614044725894928,1.0,0.76673424243927,0.7655587792396545,0.3343186689054931
661,0.05637532100081444,1.0,0.7687626481056213,0.765379786491394,0.7812023664139292
662,0.051154665648937225,1.0,0.772312343120575,0.769795298576355,1.166305814407256
663,0.044243745505809784,1.0,0.7753549218177795,0.7733754515647888,0.7117994176777303
664,0.04707559198141098,1.0,0.7707910537719727,0.7716450691223145,0.7869575272241103
665,0.04614285007119179,1.0,0.7591277956962585,0.7643057107925415,0.8413563576123109
666,0.048812542110681534,1.0,0.7560851573944092,0.7632316946983337,0.5413553285083303
667,0.05199098959565163,1.0,0.7631845474243164,0.766513466835022,1.0712843968303185
668,0.040544427931308746,1.0,0.7657200694084167,0.7673488855361938,0.7406675063364765
669,0.050490833818912506,1.0,0.7657200694084167,0.767766535282135,0.8428836483102943
670,0.047634661197662354,1.0,0.7652129530906677,0.7668118476867676,0.5488282780285406
671,0.04792865365743637,1.0,0.7712981700897217,0.7687809467315674,0.7702800030687246
672,0.04162038862705231,1.0,0.7692697644233704,0.7665731906890869,0.5284121446532337
673,0.03381801024079323,1.0,0.7641987800598145,0.7643653750419617,0.439500183170416
674,0.06637992709875107,1.0,0.7712981700897217,0.7680052518844604,1.1052633218496082
675,0.05626905336976051,1.0,0.7707910537719727,0.7706306576728821,0.7229767368673135
676,0.035769734531641006,1.0,0.7626774907112122,0.7640670537948608,1.1493446977931485
677,0.05316155403852463,1.0,0.7581135630607605,0.7589354515075684,0.8091268738086738
678,0.05938490480184555,1.0,0.7677484750747681,0.7684825658798218,0.8070715339109886
679,0.08259417861700058,1.0,0.773326575756073,0.7780893445014954,1.1059601148041707
680,0.10357755422592163,1.0,0.7809330224990845,0.7801181077957153,1.3590026004394309
681,0.06101230904459953,1.0,0.767241358757019,0.7702726721763611,0.7016604030225705
682,0.07142572849988937,0.998985767364502,0.7748478651046753,0.7736738324165344,1.103755156802569
683,0.04311210289597511,0.998985767364502,0.7758620381355286,0.7776716947555542,0.47280337143637624
684,0.0466022826731205,0.998985767364502,0.7794117331504822,0.781669557094574,0.7904477878914009
685,0.06651722639799118,0.998985767364502,0.7809330224990845,0.7835192680358887,0.6188853227932174
686,0.08188463747501373,1.0,0.7763691544532776,0.7810728549957275,1.055520217954326
687,0.0536675862967968,1.0,0.7718052268028259,0.7794617414474487,0.3898172849354191
688,0.07216054201126099,1.0,0.7718052268028259,0.778745710849762,0.5927219020118368
689,0.06679828464984894,1.0,0.7753549218177795,0.7854287028312683,0.8425186432243906
690,0.058096691966056824,1.0,0.7738336324691772,0.7825645804405212,0.8496318178220329
691,0.05974535271525383,1.0,0.7718052268028259,0.7734351754188538,0.46672060136005855
692,0.0458022877573967,1.0,0.7596348524093628,0.7613222599029541,0.7268025031058507
693,0.07566316425800323,1.0,0.7601419687271118,0.7592934966087341,0.7929662595821773
694,0.06577398627996445,1.0,0.7601419687271118,0.7637090086936951,0.8983477196926365
695,0.07324633747339249,1.0,0.7652129530906677,0.7670505046844482,0.4590934031404757
696,0.06171723082661629,1.0,0.7652129530906677,0.765737771987915,0.7316467454041958
697,0.0767289325594902,1.0,0.7565922737121582,0.7624559998512268,1.2602287378219572
698,0.07380007952451706,1.0,0.7469573616981506,0.7517751455307007,1.2247013376712623
699,0.07534176856279373,1.0,0.748985767364502,0.7570260763168335,0.9278245942189294
700,0.062822125852108,1.0,0.76673424243927,0.766155481338501,0.7507094985090547
701,0.04309646785259247,1.0,0.773326575756073,0.7709887027740479,0.5135369368830316
702,0.06880071014165878,1.0,0.7880324125289917,0.778387725353241,0.707329254142219
703,0.0717405378818512,1.0,0.7936105132102966,0.7885315418243408,1.1734791933531132
704,0.08307141810655594,1.0,0.7946247458457947,0.7904409170150757,0.891773752549978
705,0.07412879168987274,1.0,0.7895537614822388,0.7870397567749023,1.000091192781986
706,0.06200573220849037,1.0,0.7809330224990845,0.7844143509864807,0.8756130029971115
707,0.03661137446761131,1.0,0.7687626481056213,0.7804164886474609,0.577263915709431
708,0.07047256082296371,1.0,0.7687626481056213,0.7789844274520874,0.9224069710864548
709,0.07290302217006683,1.0,0.7702839374542236,0.7791634202003479,0.6655417827966994
710,0.0679609552025795,1.0,0.7738336324691772,0.7821468710899353,0.7151986487048929
711,0.0540359728038311,1.0,0.7783975601196289,0.7840563058853149,0.5646001239279831
712,0.06583336740732193,1.0,0.772819459438324,0.7802374362945557,1.018360801115791
713,0.03628379851579666,1.0,0.7687626481056213,0.7772539854049683,0.5563687712135181
714,0.07562419772148132,1.0,0.7591277956962585,0.7727788090705872,0.5037349032753137
715,0.05977218970656395,1.0,0.7596348524093628,0.7688406109809875,0.6713697393286024
716,0.04627768695354462,1.0,0.7565922737121582,0.7678261995315552,0.2994238093739358
717,0.06414418667554855,0.998985767364502,0.76673424243927,0.7749269008636475,1.1091083490631328
718,0.07608575373888016,1.0,0.7581135630607605,0.7700340151786804,0.8997086727065925
719,0.10296303778886795,1.0,0.7707910537719727,0.777970016002655,1.5500707836535004
720,0.05760521814227104,1.0,0.7783975601196289,0.7802971601486206,0.5168752140533512
721,0.051211822777986526,1.0,0.7778904438018799,0.783280611038208,0.5439166272758624
722,0.05889230594038963,1.0,0.7809330224990845,0.7846530079841614,0.7328661405315884
723,0.0522589311003685,1.0,0.7763691544532776,0.7834596037864685,0.5293206693720464
724,0.050633665174245834,1.0,0.7804259657859802,0.7845933437347412,0.5740031982758516
725,0.06308718770742416,1.0,0.7773833274841309,0.7844740152359009,0.32199992731621613
726,0.06398054212331772,1.0,0.7854969501495361,0.7826242446899414,0.6305637630433295
727,0.07240033149719238,1.0,0.7809330224990845,0.7831016182899475,0.7812501792995111
728,0.05405097454786301,1.0,0.7819472551345825,0.7817888855934143,0.4783256441731468
729,0.033567432314157486,1.0,0.7789046764373779,0.7801777720451355,0.45000570860066547
730,0.054090626537799835,1.0,0.7799188494682312,0.7863237261772156,0.6337027377703579
731,0.03485414758324623,1.0,0.7783975601196289,0.7875767946243286,0.5403932849871113
732,0.05072362720966339,1.0,0.7814401388168335,0.7810728549957275,0.7375496603304604
733,0.056397560983896255,1.0,0.7768762707710266,0.7752848863601685,0.6205396045381597
734,0.04561956226825714,1.0,0.7712981700897217,0.7716450691223145,0.6398937230843448
735,0.05220601335167885,1.0,0.7748478651046753,0.7754639387130737,0.6051527137807999
736,0.04701712727546692,1.0,0.7738336324691772,0.777612030506134,0.49878296263470817
737,0.04591667652130127,1.0,0.7763691544532776,0.7767766118049622,0.4071341107580646
738,0.047143079340457916,1.0,0.7783975601196289,0.7765976190567017,0.5818290954646813
739,0.03537162020802498,1.0,0.7702839374542236,0.7732561230659485,0.6557855719352378
740,0.03187213093042374,1.0,0.76673424243927,0.7697356343269348,0.5446037169479416
741,0.0555877611041069,1.0,0.7748478651046753,0.7780296802520752,0.8146634452573893
742,0.03877026587724686,1.0,0.7824543714523315,0.7834596037864685,0.5400968618599932
743,0.061820708215236664,1.0,0.7809330224990845,0.784533679485321,1.053628604874125
744,0.04928157478570938,1.0,0.7692697644233704,0.7826242446899414,0.4877631763585391
745,0.038312047719955444,1.0,0.7692697644233704,0.7857867479324341,0.5478164471659381
746,0.04626498371362686,1.0,0.773326575756073,0.7860850691795349,0.5584542390195675
747,0.04607343673706055,1.0,0.7773833274841309,0.7881138324737549,0.5904211124582961
748,0.04087813198566437,1.0,0.772312343120575,0.7793424129486084,0.6297832791854284
749,0.04036007821559906,1.0,0.7687626481056213,0.7737931609153748,0.40715597737412723
750,0.041162315756082535,1.0,0.7652129530906677,0.7709290385246277,0.4287363713899369
751,0.03575677424669266,1.0,0.76673424243927,0.7745688557624817,0.45583583051116683
752,0.06612137705087662,1.0,0.7829614281654358,0.7837579846382141,0.9688409115547558
753,0.04766014218330383,1.0,0.7834685444831848,0.7857270240783691,0.5378444201764319
754,0.06487030535936356,1.0,0.772312343120575,0.777612030506134,1.4388522659073022
755,0.047927431762218475,1.0,0.76673424243927,0.7720627784729004,0.31574340892537595
756,0.07233653217554092,1.0,0.7738336324691772,0.7777910232543945,1.054741766908297
757,0.03549719601869583,1.0,0.7920892238616943,0.7874574661254883,0.5239924596304602
758,0.058350954204797745,1.0,0.7895537614822388,0.7891879081726074,0.6480386754016197
759,0.04106631502509117,1.0,0.7834685444831848,0.7847723364830017,0.5320493499437551
760,0.037862032651901245,1.0,0.7712981700897217,0.776358962059021,0.4660479749419223
761,0.08512302488088608,1.0,0.7860040664672852,0.7810131907463074,1.1884515016538901
762,0.040662236511707306,1.0,0.7865111231803894,0.7851900458335876,0.3748267040003614
763,0.04121463745832443,1.0,0.7885395288467407,0.7854883670806885,0.45248756388414646
764,0.06717462837696075,1.0,0.7951318025588989,0.7925293445587158,0.8160540423737825
765,0.05613521859049797,1.0,0.7920892238616943,0.7888895273208618,0.5400026096308581
766,0.05186771973967552,1.0,0.7860040664672852,0.7862043976783752,0.4466589237163442
767,0.060151390731334686,1.0,0.7844827175140381,0.783280611038208,0.9755945806572683
768,0.031233128160238266,1.0,0.7860040664672852,0.778745710849762,0.5122938810757163
769,0.045492399483919144,1.0,0.7809330224990845,0.7762992978096008,0.4016739458036412
770,0.03634711727499962,1.0,0.7748478651046753,0.7762992978096008,0.4715912341448968
771,0.04180474206805229,1.0,0.7794117331504822,0.7781490087509155,0.4853331294585447
772,0.03073986805975437,1.0,0.7819472551345825,0.7804164886474609,0.4469964952654219
773,0.03536217287182808,1.0,0.7824543714523315,0.7797601222991943,0.5220723946775946
774,0.04253920540213585,1.0,0.7809330224990845,0.7819678783416748,0.4315931297355343
775,0.0435357540845871,1.0,0.7880324125289917,0.7822661995887756,0.4360868942755952
776,0.0631108283996582,1.0,0.7895537614822388,0.7827435731887817,0.5851519079359101
777,0.03909175470471382,1.0,0.7885395288467407,0.7835789322853088,1.0990462919083532
778,0.04977721720933914,1.0,0.7885395288467407,0.7818485498428345,0.6090825043641928
779,0.05662710592150688,1.0,0.7870182394981384,0.7850707173347473,0.7238206277105083
780,0.03361397981643677,1.0,0.7920892238616943,0.7854883670806885,0.3605937553452753
781,0.04014888405799866,1.0,0.796146035194397,0.7904409170150757,0.6326287549382973
782,0.06094181910157204,1.0,0.796653151512146,0.7922906875610352,0.9552901341145142
783,0.038403067737817764,1.0,0.7870182394981384,0.7906796336174011,0.3719809257566083
784,0.043845657259225845,1.0,0.7849898338317871,0.7860850691795349,0.48552064986192406
785,0.05140428617596626,1.0,0.7854969501495361,0.788173496723175,0.8546174389504125
786,0.04883294925093651,1.0,0.7895537614822388,0.7896652221679688,0.5916016924050032
787,0.038066864013671875,1.0,0.7910750508308411,0.7891281843185425,0.5081097908113457
788,0.05545143410563469,1.0,0.7941176295280457,0.7917536497116089,0.6210516777602579
789,0.03933339938521385,1.0,0.7936105132102966,0.7893072366714478,0.5883662606548348
790,0.0465681329369545,1.0,0.7844827175140381,0.7847723364830017,0.544793851195341
791,0.05239410698413849,1.0,0.7865111231803894,0.7794020771980286,0.852017766052344
792,0.056035228073596954,1.0,0.7778904438018799,0.7759412527084351,0.7784741371024878
793,0.04987310618162155,1.0,0.7804259657859802,0.778387725353241,0.5094085844038007
794,0.04905702546238899,1.0,0.7915821075439453,0.7862640619277954,0.6956703707606648
795,0.06762199848890305,1.0,0.790567934513092,0.7851900458335876,0.8786796508601087
796,0.04051125422120094,1.0,0.7875253558158875,0.7827435731887817,0.6306791985767577
797,0.062361784279346466,1.0,0.7799188494682312,0.7782683968544006,0.369766433413725
798,0.035517677664756775,1.0,0.7758620381355286,0.7761202454566956,0.409798415630029
799,0.05123604089021683,1.0,0.7794117331504822,0.7784473896026611,0.6739021119521238
800,0.039150070399045944,1.0,0.7778904438018799,0.7795214056968689,0.5002426124791323
801,0.04845333844423294,1.0,0.7834685444831848,0.7821468710899353,0.5248907278249805
802,0.03520191088318825,1.0,0.7849898338317871,0.7817888855934143,0.64781703039282
803,0.05337795615196228,1.0,0.7804259657859802,0.7821468710899353,0.6160050244716422
804,0.03924272581934929,1.0,0.7809330224990845,0.7854883670806885,0.4209661324871138
805,0.05034856125712395,1.0,0.7763691544532776,0.7845933437347412,0.6404760413082488
806,0.0514942891895771,1.0,0.7778904438018799,0.7823855876922607,0.8074036506362056
807,0.05086227506399155,1.0,0.7834685444831848,0.7804761528968811,0.3863024992469191
808,0.05800197646021843,1.0,0.7647058367729187,0.7737334966659546,0.5727825018426588
809,0.03970443829894066,1.0,0.7591277956962585,0.7631720304489136,0.5989538123279226
810,0.08241807669401169,1.0,0.7540567517280579,0.7631123661994934,0.8183108270860467
811,0.053954824805259705,1.0,0.7783975601196289,0.7782683968544006,1.0267557902750855
812,0.05113137513399124,1.0,0.7844827175140381,0.7867414355278015,0.23786478434043315
813,0.05459941551089287,1.0,0.7799188494682312,0.7897845506668091,0.7942197952673404
814,0.06366410106420517,1.0,0.7819472551345825,0.788949191570282,0.6758417815659841
815,0.07471473515033722,1.0,0.7829614281654358,0.790202260017395,0.9241971681870864
816,0.04177069291472435,1.0,0.7829614281654358,0.7884718179702759,0.728102133147711
817,0.040798772126436234,1.0,0.7839756608009338,0.7870994210243225,0.4742225892818352
818,0.050389282405376434,1.0,0.7809330224990845,0.7835192680358887,0.7770107815783792
819,0.07725384086370468,1.0,0.7794117331504822,0.7828629016876221,0.531365448176631
820,0.06996804475784302,1.0,0.7839756608009338,0.7861447334289551,0.7856358553552291
821,0.053942251950502396,1.0,0.7839756608009338,0.7826242446899414,0.7645819028236502
822,0.049890920519828796,1.0,0.7809330224990845,0.7773733139038086,0.7543576581898385
823,0.07414451241493225,1.0,0.7834685444831848,0.7842352986335754,0.8742726605380333
824,0.07396543025970459,1.0,0.7915821075439453,0.7887105345726013,0.8140200397574202
825,0.04887928068637848,1.0,0.7885395288467407,0.7870994210243225,0.830240553087014
826,0.054116860032081604,1.0,0.7844827175140381,0.786562442779541,0.607134104412382
827,0.05903099104762077,1.0,0.7809330224990845,0.7843546271324158,0.8055826267308108
828,0.045662328600883484,1.0,0.7824543714523315,0.7838176488876343,0.6023712203015695
829,0.07156485319137573,1.0,0.7844827175140381,0.7860254049301147,1.1033885189737376
830,0.05024833604693413,1.0,0.7839756608009338,0.788591206073761,0.5393878991832193
831,0.05373172089457512,1.0,0.7804259657859802,0.7839369773864746,0.6761446486044809
832,0.0511404350399971,1.0,0.7783975601196289,0.7841159701347351,0.8108852462547391
833,0.044823404401540756,1.0,0.7778904438018799,0.7797601222991943,0.6636830494912778
834,0.05212685465812683,1.0,0.7773833274841309,0.784891664981842,1.246842831809726
835,0.04199115186929703,1.0,0.7799188494682312,0.7867414355278015,0.6939347519271776
836,0.0457577109336853,1.0,0.7773833274841309,0.787815511226654,0.5328783530583439
837,0.06024323031306267,1.0,0.7809330224990845,0.7884121537208557,0.5037765038646935
838,0.041688598692417145,1.0,0.7783975601196289,0.7853690385818481,0.5808077663392255
839,0.04673245549201965,1.0,0.7804259657859802,0.7827435731887817,0.5208691059717264
840,0.03807540610432625,1.0,0.7753549218177795,0.7815501689910889,1.0900121006894716
841,0.0527607761323452,1.0,0.7758620381355286,0.7834596037864685,0.6652844059921248
842,0.04933002218604088,1.0,0.7834685444831848,0.7874574661254883,0.8882494690864906
843,0.04583742469549179,1.0,0.7925963401794434,0.7875171303749084,0.5684181014267995
844,0.05211304500699043,1.0,0.7839756608009338,0.7859657406806946,0.9393529245583253
845,0.059494514018297195,1.0,0.7875253558158875,0.7819082140922546,0.835326137825868
846,0.03652813285589218,1.0,0.7758620381355286,0.7798197865486145,0.5944743088319412
847,0.07790940999984741,1.0,0.7824543714523315,0.7791634202003479,0.8839512606813995
848,0.049105528742074966,1.0,0.7819472551345825,0.778745710849762,0.6545027204963589
849,0.062429167330265045,1.0,0.7748478651046753,0.7752848863601685,0.7655840289640803
850,0.06344497203826904,1.0,0.7814401388168335,0.7758219242095947,0.7674801110631753
851,0.04431686922907829,1.0,0.796146035194397,0.7838773131370544,0.5776941411198357
852,0.04935544729232788,1.0,0.7925963401794434,0.7864431142807007,0.6314609900777135
853,0.04168643802404404,1.0,0.7936105132102966,0.7885315418243408,0.4887378161213519
854,0.06819850951433182,1.0,0.7890466451644897,0.7876364588737488,0.6519388554908757
855,0.05506489798426628,1.0,0.7814401388168335,0.7794617414474487,0.7541941977209866
856,0.06506513059139252,1.0,0.7814401388168335,0.7770749926567078,0.5388073398333598
857,0.05150098726153374,1.0,0.7931034564971924,0.7843546271324158,0.817662581036299
858,0.04279235750436783,1.0,0.7839756608009338,0.7829225659370422,0.7294331339623352
859,0.03794676065444946,1.0,0.7763691544532776,0.7750462293624878,0.7788470232702829
860,0.05173947662115097,1.0,0.7854969501495361,0.7823259234428406,0.8153056790168838
861,0.05985502153635025,1.0,0.7910750508308411,0.7888298630714417,0.8667487838564362
862,0.043064650148153305,1.0,0.7976673245429993,0.7940807938575745,0.816802608139427
863,0.08063579350709915,1.0,0.8017241358757019,0.7958111763000488,0.9496762466853971
864,0.06564417481422424,1.0,0.8002028465270996,0.7990333437919617,0.8564627133432388
865,0.05926809459924698,1.0,0.8002028465270996,0.8002267479896545,0.40763510470190206
866,0.06978371739387512,1.0,0.796146035194397,0.7966465353965759,1.0551322614362764
867,0.04826020076870918,1.0,0.7936105132102966,0.7953935265541077,0.5655876544164938
868,0.03923914581537247,1.0,0.7931034564971924,0.7940211296081543,0.5312881067745914
869,0.06937842071056366,1.0,0.795638918876648,0.788591206073761,1.0749814350186757
870,0.058992933481931686,1.0,0.7925963401794434,0.7857270240783691,0.46393671779692625
871,0.0427698940038681,1.0,0.7829614281654358,0.7785667181015015,0.5021251097432203
872,0.050986193120479584,1.0,0.7773833274841309,0.7737334966659546,0.5256535047210196
873,0.08509179949760437,1.0,0.7880324125289917,0.7842352986335754,0.8687697605201987
874,0.059053439646959305,1.0,0.796146035194397,0.7929470539093018,0.6954416313345668
875,0.0623771958053112,1.0,0.8007099032402039,0.7916939854621887,0.7271675983101201
876,0.07969450205564499,1.0,0.7875253558158875,0.787338137626648,0.7432043431020872
877,0.04227844625711441,1.0,0.7778904438018799,0.7802374362945557,0.3990335097909605
878,0.07810094952583313,1.0,0.790060818195343,0.7869800925254822,1.132005112332399
879,0.05504826456308365,0.998985767364502,0.7991886138916016,0.793484091758728,0.49470881476322676
880,0.06732196360826492,1.0,0.8027383089065552,0.7977206110954285,0.660335258222069
881,0.07809486985206604,1.0,0.795638918876648,0.7921116948127747,0.8622914531844185
882,0.05510248988866806,1.0,0.7794117331504822,0.7803568243980408,0.5659959204927636
883,0.08098775893449783,1.0,0.7768762707710266,0.777970016002655,0.7780236536414072
884,0.05218832567334175,1.0,0.7819472551345825,0.7798197865486145,0.3151460241859876
885,0.05552641674876213,1.0,0.7789046764373779,0.7817888855934143,0.6597921581310372
886,0.06066782400012016,1.0,0.7829614281654358,0.787815511226654,0.906456763415871
887,0.05355438217520714,1.0,0.7915821075439453,0.7916343212127686,0.7167759524492647
888,0.03426006808876991,1.0,0.7875253558158875,0.7877557873725891,0.47249453740208935
889,0.05248887464404106,1.0,0.7789046764373779,0.7817888855934143,0.45228404533696004
890,0.06044427305459976,1.0,0.7860040664672852,0.7844740152359009,0.9101467842439429
891,0.04570911079645157,1.0,0.790567934513092,0.788173496723175,0.7657165203035182
892,0.0717628225684166,1.0,0.7941176295280457,0.7872784733772278,0.4587841809114287
893,0.0460461862385273,1.0,0.795638918876648,0.7880541682243347,0.5611565022203794
894,0.056638527661561966,1.0,0.7991886138916016,0.7888298630714417,0.5676957606423207
895,0.058536794036626816,1.0,0.7951318025588989,0.7866817712783813,0.7233379922764409
896,0.04882540926337242,1.0,0.790060818195343,0.7833402752876282,0.5698110632222597
897,0.03696602210402489,1.0,0.790060818195343,0.7800584435462952,0.2767327652097286
898,0.05876418948173523,1.0,0.7834685444831848,0.7741512060165405,1.101451390400651
899,0.04954253509640694,1.0,0.7819472551345825,0.7791037559509277,0.7889501214707111
900,0.038245752453804016,1.0,0.796146035194397,0.7855480313301086,0.7064710546581788
901,0.03669184073805809,1.0,0.7931034564971924,0.7860254049301147,0.7508523947304552
902,0.05390680208802223,1.0,0.7895537614822388,0.7870994210243225,1.057909028041191
903,0.043163690716028214,1.0,0.7951318025588989,0.7872188091278076,0.6327174689471401
904,0.0621761828660965,1.0,0.795638918876648,0.793484091758728,0.6868051494925775
905,0.06596128642559052,1.0,0.8062880039215088,0.8038665652275085,0.7884228215786304
906,0.06066974997520447,1.0,0.8032454252243042,0.8021957874298096,0.9586557089176716
907,0.046762119978666306,1.0,0.8027383089065552,0.797899603843689,0.47439651190886145
908,0.0431680753827095,1.0,0.7976673245429993,0.793842077255249,0.5033426203036407
909,0.046043358743190765,1.0,0.7971602082252502,0.7900232672691345,0.5029356840278767
910,0.052306339144706726,1.0,0.7971602082252502,0.7908586263656616,0.8249791702672246
911,0.04738911986351013,1.0,0.7991886138916016,0.7898442149162292,1.0080120975384315
912,0.060186490416526794,1.0,0.7976673245429993,0.790977954864502,0.6807367646170289
913,0.04730928689241409,1.0,0.7951318025588989,0.7906796336174011,0.659620475200392
914,0.035811059176921844,1.0,0.7936105132102966,0.783638596534729,0.593709124435189
915,0.05612558498978615,1.0,0.7936105132102966,0.7811325192451477,0.49039002331195886
916,0.04735904932022095,1.0,0.7931034564971924,0.785667359828949,0.9772136191125446
917,0.07456225156784058,1.0,0.7931034564971924,0.7939614057540894,0.6747972511029992
918,0.04649246484041214,1.0,0.8022311925888062,0.796765923500061,0.6708281916871809
919,0.053054578602313995,1.0,0.8012170195579529,0.7950354814529419,0.6275228629957891
920,0.05889781564474106,1.0,0.8027383089065552,0.7949758172035217,0.9228207057914105
921,0.04638649523258209,1.0,0.8042595982551575,0.7961095571517944,0.45930726749841855
922,0.042617619037628174,1.0,0.8032454252243042,0.8005847334861755,0.44235185924542625
923,0.04880423843860626,1.0,0.8047667145729065,0.8015991449356079,1.175890511727117
924,0.03911307454109192,1.0,0.8047667145729065,0.8020167946815491,0.458853593201244
925,0.05047961696982384,1.0,0.8022311925888062,0.8002864122390747,0.7289814506377128
926,0.03774604946374893,1.0,0.8037525415420532,0.7973029017448425,0.3943025947128539
927,0.048827823251485825,1.0,0.8012170195579529,0.7948564887046814,0.8633168991231984
928,0.04861016944050789,1.0,0.8047667145729065,0.7964675426483154,0.8443888087893596
929,0.03704238310456276,1.0,0.7931034564971924,0.792231023311615,0.5010699731179908
930,0.055875979363918304,1.0,0.7920892238616943,0.7887105345726013,0.784614504213014
931,0.04560218006372452,1.0,0.7880324125289917,0.7825645804405212,0.7460547584031683
932,0.07641419768333435,1.0,0.7849898338317871,0.782027542591095,0.6864980366416111
933,0.060472264885902405,1.0,0.7844827175140381,0.7837579846382141,0.5909794648093001
934,0.062150515615940094,1.0,0.7865111231803894,0.7832209467887878,0.5928808517610076
935,0.05950124189257622,1.0,0.7885395288467407,0.7878751754760742,0.7413094216435568
936,0.07797832787036896,1.0,0.7915821075439453,0.793484091758728,0.7272128864285516
937,0.06222303584218025,1.0,0.7946247458457947,0.7913956642150879,0.8363236099215287
938,0.05215004086494446,1.0,0.7931034564971924,0.7875767946243286,0.6288239282665461
939,0.05466268211603165,1.0,0.7951318025588989,0.7884121537208557,0.6041546579281899
940,0.06822892278432846,1.0,0.795638918876648,0.7879348397254944,0.5203690419997739
941,0.06107057258486748,1.0,0.796653151512146,0.7859657406806946,0.7924523793911895
942,0.05085662752389908,1.0,0.796653151512146,0.788173496723175,0.6112352210206742
943,0.06773001700639725,1.0,0.7875253558158875,0.7915149927139282,0.6030156970769595
944,0.056322287768125534,1.0,0.7910750508308411,0.7888298630714417,0.6398304626755845
945,0.06453859061002731,1.0,0.7941176295280457,0.7877557873725891,0.838306668179447
946,0.07035357505083084,1.0,0.7920892238616943,0.7895458936691284,0.9437240727639405
947,0.05778425931930542,1.0,0.7875253558158875,0.7830419540405273,0.6367566758510337
948,0.05662734434008598,1.0,0.7860040664672852,0.7795811295509338,0.5776028101057622
949,0.05301324278116226,1.0,0.7860040664672852,0.782027542591095,0.8342583351152916
950,0.04851360246539116,1.0,0.7870182394981384,0.7846530079841614,0.5401202091815445
951,0.06799990683794022,1.0,0.7870182394981384,0.7868607640266418,0.6458089090455639
952,0.0630635991692543,1.0,0.7880324125289917,0.7900829315185547,0.6271326593891391
953,0.04578778147697449,1.0,0.7895537614822388,0.7893669009208679,0.5815586625638212
954,0.04894525930285454,1.0,0.7936105132102966,0.7872784733772278,0.38175892206597495
955,0.04576805979013443,1.0,0.7976673245429993,0.7883524894714355,0.7298506490785098
956,0.05948791280388832,1.0,0.7976673245429993,0.7893072366714478,0.4590718616557402
957,0.049026813358068466,1.0,0.8027383089065552,0.7920520305633545,0.4695060037573914
958,0.04983299598097801,1.0,0.8022311925888062,0.7927680611610413,0.5423176920655614
959,0.047278646379709244,1.0,0.8022311925888062,0.793484091758728,0.4440858335514287
960,0.051303137093782425,1.0,0.8037525415420532,0.7946774959564209,0.3659235919417277
961,0.04268477484583855,1.0,0.7996957302093506,0.7931857109069824,0.4501801434865988
962,0.04610437527298927,1.0,0.795638918876648,0.7902619242668152,0.8168785274531968
963,0.0490657314658165,1.0,0.7915821075439453,0.7881138324737549,0.8426963850847827
964,0.03776566684246063,1.0,0.7971602082252502,0.785309374332428,0.30625290676845374
965,0.04131109640002251,1.0,0.796146035194397,0.7862640619277954,0.48018389811255613
966,0.04084504768252373,1.0,0.7941176295280457,0.7877557873725891,0.5675292034608782
967,0.05085776001214981,1.0,0.790567934513092,0.7883524894714355,0.4790788450548299
968,0.03916428983211517,1.0,0.796653151512146,0.7909182906150818,0.46246913537660916
969,0.058024413883686066,1.0,0.7986814975738525,0.7937824130058289,0.5790698870545523
970,0.05727763846516609,1.0,0.7936105132102966,0.788949191570282,0.9925303767148016
971,0.04865486919879913,1.0,0.7875253558158875,0.7870994210243225,0.8653414313469246
972,0.04506341367959976,1.0,0.7920892238616943,0.7872188091278076,0.7339054397828743
973,0.051778968423604965,1.0,0.7865111231803894,0.783280611038208,0.7462817722075026
974,0.05600883811712265,1.0,0.7834685444831848,0.7870994210243225,0.7124151453461424
975,0.03896327689290047,1.0,0.7829614281654358,0.7906796336174011,0.6117476836117641
976,0.04185963794589043,1.0,0.7854969501495361,0.7907989621162415,0.7945149249970103
977,0.047207336872816086,1.0,0.7854969501495361,0.786562442779541,0.7839584270768906
978,0.08044495433568954,1.0,0.7819472551345825,0.7824452519416809,0.8467221407376465
979,0.05819921940565109,1.0,0.7819472551345825,0.7838773131370544,0.4459116226415169
980,0.03982711210846901,1.0,0.7829614281654358,0.7874574661254883,0.7125287986103848
981,0.036322832107543945,1.0,0.7839756608009338,0.7896055579185486,0.5756210065653492
982,0.07183527946472168,1.0,0.7920892238616943,0.790619969367981,0.7021326083169883
983,0.061087511479854584,1.0,0.7875253558158875,0.7913956642150879,0.6199279820113072
984,0.029805095866322517,1.0,0.7860040664672852,0.7894862294197083,0.43164488075655694
985,0.05270645022392273,0.998985767364502,0.7819472551345825,0.7885315418243408,0.5913944025448069
986,0.05262592434883118,0.998985767364502,0.7925963401794434,0.793842077255249,0.9804535002385991
987,0.05846892669796944,1.0,0.7936105132102966,0.7932453751564026,0.9451206087378677
988,0.04645705595612526,1.0,0.7936105132102966,0.7927680611610413,0.41068019465838407
989,0.06413453072309494,1.0,0.7920892238616943,0.7917536497116089,0.9116518244945657
990,0.06429751962423325,1.0,0.7865111231803894,0.7882331609725952,0.5094753669501138
991,0.08227510005235672,0.998985767364502,0.7946247458457947,0.7912763357162476,0.9645807150153938
992,0.04088117554783821,0.998985767364502,0.7920892238616943,0.7891879081726074,0.8739399806049215
993,0.045277953147888184,0.998985767364502,0.7920892238616943,0.7884121537208557,0.6020848743862198
994,0.06737033277750015,0.998985767364502,0.7885395288467407,0.783638596534729,0.7895385127577415
995,0.06477220356464386,0.998985767364502,0.7834685444831848,0.7826839089393616,0.770794989253006
996,0.057489361613988876,0.998985767364502,0.790060818195343,0.7882331609725952,0.8430671601901645
997,0.04945232346653938,1.0,0.7946247458457947,0.7910376191139221,0.7583108245757303
998,0.06113146245479584,1.0,0.7951318025588989,0.793842077255249,0.5154525641039462
999,0.07338454574346542,1.0,0.7920892238616943,0.7953338027000427,0.811581434687392
1000,0.04896877333521843,1.0,0.7936105132102966,0.7961095571517944,0.9462292188111289
1001,0.0441402792930603,1.0,0.7931034564971924,0.7939017415046692,0.5461588518548426
1002,0.05552050471305847,1.0,0.8022311925888062,0.800763726234436,1.2839008047421905
1003,0.05852876976132393,1.0,0.7991886138916016,0.7994509935379028,0.5586187786032164
1004,0.04684291034936905,1.0,0.8012170195579529,0.800763726234436,0.5390965765929521
1005,0.053010161966085434,1.0,0.8017241358757019,0.8010024428367615,0.7029807822517034
1006,0.08116109669208527,1.0,0.7971602082252502,0.8002864122390747,0.5925284386331889
1007,0.056082818657159805,1.0,0.8017241358757019,0.7981979846954346,0.6302876292964186
1008,0.07233035564422607,1.0,0.8007099032402039,0.7981979846954346,0.7681633594573616
1009,0.04756025969982147,1.0,0.8027383089065552,0.8032101988792419,0.7007686583110811
1010,0.06954111903905869,1.0,0.8052738308906555,0.8023151755332947,0.660618836539307
1011,0.04099079594016075,1.0,0.7981744408607483,0.8006443977355957,0.4424328557929632
1012,0.06266377121210098,1.0,0.796653151512146,0.8008233904838562,0.5318669142095486
1013,0.04807130619883537,1.0,0.7925963401794434,0.8024941682815552,0.5175305782785184
1014,0.038123901933431625,1.0,0.796653151512146,0.8021957874298096,0.3447252776352199
1015,0.05356782674789429,0.9979715943336487,0.7931034564971924,0.8013604283332825,0.4572109848657811
1016,0.06015686318278313,1.0,0.7895537614822388,0.7941404581069946,0.8979389407550196
1017,0.03709607571363449,1.0,0.7814401388168335,0.7877557873725891,0.5012513731530943
1018,0.04141385480761528,1.0,0.7789046764373779,0.7832209467887878,0.43460314703143527
1019,0.04144185036420822,1.0,0.7768762707710266,0.785309374332428,0.568348949087396
1020,0.05129122734069824,1.0,0.7870182394981384,0.791813313961029,0.5960127708564813
1021,0.05553942918777466,1.0,0.7875253558158875,0.7932453751564026,0.4847980334085564
1022,0.03662057965993881,1.0,0.7849898338317871,0.7931857109069824,0.41916180175020706
1023,0.05344925448298454,1.0,0.7819472551345825,0.788173496723175,0.6897245757545101
1024,0.04376140609383583,1.0,0.7809330224990845,0.7863237261772156,0.7732143576621546
1025,0.03539198637008667,1.0,0.7819472551345825,0.7854287028312683,0.32472663937607277
1026,0.05230250954627991,1.0,0.7819472551345825,0.784533679485321,0.6986508884977913
1027,0.05001456290483475,1.0,0.7824543714523315,0.7829225659370422,0.7233910743965168
1028,0.05230863019824028,1.0,0.7809330224990845,0.7857867479324341,0.7349921828308716
1029,0.056977078318595886,1.0,0.7804259657859802,0.7857867479324341,0.9119303825127417
1030,0.04918185621500015,1.0,0.7768762707710266,0.7815501689910889,0.7760988219993332
1031,0.04816389083862305,1.0,0.7829614281654358,0.7829225659370422,1.1187760615712263
1032,0.026170672848820686,1.0,0.7799188494682312,0.7831612825393677,0.35727871218271035
1033,0.0409337654709816,1.0,0.7839756608009338,0.7846530079841614,0.7334257171273318
1034,0.04784911125898361,1.0,0.7839756608009338,0.7833999395370483,1.1921607941631323
1035,0.04264446720480919,1.0,0.7799188494682312,0.7841159701347351,0.415073029455273
1036,0.05509037896990776,1.0,0.7854969501495361,0.7840563058853149,1.0248325088288006
1037,0.05225261673331261,1.0,0.7849898338317871,0.7884121537208557,1.073763730782667
1038,0.04373795911669731,1.0,0.7794117331504822,0.7871591448783875,0.7272572020962478
1039,0.049980293959379196,1.0,0.7783975601196289,0.7854883670806885,0.8783024465547329
1040,0.051201362162828445,1.0,0.7768762707710266,0.7807148098945618,1.0578008802330567
1041,0.06560589373111725,1.0,0.7758620381355286,0.7832209467887878,0.9118757581127487
1042,0.048366084694862366,1.0,0.7794117331504822,0.7831612825393677,0.8633334799019513
1043,0.05861970782279968,1.0,0.7865111231803894,0.7897248864173889,0.744794509416076
1044,0.0399722084403038,1.0,0.7890466451644897,0.7931260466575623,0.8143273733686381
1045,0.05043042078614235,1.0,0.7941176295280457,0.7916939854621887,0.888385611372616
1046,0.061282213777303696,1.0,0.7931034564971924,0.7923503518104553,0.7395112606295229
1047,0.059581466019153595,1.0,0.7920892238616943,0.7921713590621948,0.5656080876249284
1048,0.07222916930913925,1.0,0.7981744408607483,0.7906796336174011,0.787631095303738
1049,0.049948710948228836,1.0,0.7971602082252502,0.7957515120506287,0.8559582034023332
1050,0.057155631482601166,1.0,0.7931034564971924,0.7916939854621887,1.3595826492732543
1051,0.042075563222169876,1.0,0.796146035194397,0.7963482141494751,0.882708835672751
1052,0.0391540452837944,1.0,0.7991886138916016,0.7963482141494751,0.8335503286200713
1053,0.053590428084135056,1.0,0.795638918876648,0.7964675426483154,0.7315614037226233
1054,0.040226683020591736,1.0,0.7931034564971924,0.794617772102356,0.4080544883709005
1055,0.07642555981874466,1.0,0.7910750508308411,0.7976609468460083,0.6937451393888506
1056,0.06400464475154877,1.0,0.7890466451644897,0.7936034202575684,0.6839503268952778
1057,0.05850619077682495,1.0,0.7829614281654358,0.7928873896598816,0.6911589228035473
1058,0.046910274773836136,1.0,0.7794117331504822,0.7939614057540894,0.6678341235013253
1059,0.05166134610772133,1.0,0.7849898338317871,0.7944387793540955,0.8480900069936042
1060,0.05432546138763428,1.0,0.7895537614822388,0.7974819540977478,0.7375305078594262
1061,0.08577693998813629,1.0,0.8002028465270996,0.7993316650390625,0.7285975324313119
1062,0.07483182102441788,0.998985767364502,0.796146035194397,0.7972432374954224,0.6372191914292411
1063,0.0840955525636673,0.998985767364502,0.796653151512146,0.7947968244552612,0.6809745258303234
1064,0.05202547460794449,0.998985767364502,0.796146035194397,0.7928277254104614,0.4860888742574776
1065,0.07931786775588989,0.998985767364502,0.795638918876648,0.7943791151046753,0.7078376320445189
1066,0.06562840938568115,0.998985767364502,0.7986814975738525,0.7927680611610413,0.664981778429353
1067,0.060398269444704056,0.998985767364502,0.7936105132102966,0.7891879081726074,0.6256595880167751
1068,0.05659230053424835,0.998985767364502,0.7925963401794434,0.7906796336174011,0.6746830530368879
1069,0.07109765708446503,0.9979715943336487,0.7931034564971924,0.7937824130058289,0.6282951799156612
1070,0.07171862572431564,0.9979715943336487,0.7941176295280457,0.7939017415046692,0.6688710848467546
1071,0.05989238992333412,0.9979715943336487,0.7931034564971924,0.7958111763000488,0.7480991334290227
1072,0.05877716839313507,1.0,0.7931034564971924,0.7939017415046692,0.6832341995136331
1073,0.07388349622488022,1.0,0.7946247458457947,0.7932453751564026,0.6141025310114259
1074,0.050469085574150085,1.0,0.7925963401794434,0.7928873896598816,1.7114956100801357
1075,0.05325928330421448,1.0,0.7880324125289917,0.7915149927139282,0.5815285649900408
1076,0.06133786961436272,1.0,0.7854969501495361,0.7916939854621887,0.9704673423890761
1077,0.05248888209462166,1.0,0.7773833274841309,0.7847126722335815,0.9267581760788406
1078,0.059431854635477066,1.0,0.7758620381355286,0.7789844274520874,0.7486039470736124
1079,0.06032119691371918,1.0,0.7718052268028259,0.7752848863601685,0.8346789237928414
1080,0.05753782019019127,1.0,0.7773833274841309,0.7766572833061218,0.6437683627712222
1081,0.05443709343671799,1.0,0.7794117331504822,0.7805954813957214,0.6652327154298829
1082,0.057845402508974075,1.0,0.790060818195343,0.7871591448783875,0.7873677153656087
1083,0.060831114649772644,1.0,0.7931034564971924,0.7941404581069946,0.7215339774428495
1084,0.06530030071735382,1.0,0.7865111231803894,0.7860254049301147,1.0007442944565281
1085,0.03253539279103279,1.0,0.7743407487869263,0.7779103517532349,0.4159626273520683
1086,0.06808927655220032,1.0,0.7738336324691772,0.7755832672119141,0.5745116978560793
1087,0.0648590475320816,1.0,0.7834685444831848,0.7851900458335876,0.9270600110894084
1088,0.04016853868961334,1.0,0.7768762707710266,0.788591206073761,0.6338329037903078
1089,0.038453247398138046,1.0,0.7804259657859802,0.7924100160598755,0.5903299449697382
1090,0.06797369569540024,1.0,0.7814401388168335,0.790619969367981,1.1438195648414085
1091,0.03833553194999695,1.0,0.7768762707710266,0.786920428276062,0.6611196554333773
1092,0.06506722420454025,1.0,0.7814401388168335,0.7871591448783875,0.6232940752000179
1093,0.08399749547243118,1.0,0.7890466451644897,0.7928277254104614,0.8682615556839179
1094,0.07591968029737473,1.0,0.7920892238616943,0.801181435585022,0.6178759926234506
1095,0.06462042033672333,1.0,0.7920892238616943,0.802434504032135,0.7092052775810285
1096,0.06635501235723495,1.0,0.7996957302093506,0.8012410998344421,0.46227014403496586
1097,0.06672906130552292,1.0,0.7981744408607483,0.7942001223564148,0.70200026374271
1098,0.04736006259918213,1.0,0.790060818195343,0.7867414355278015,0.5328716781533955
1099,0.06199708580970764,1.0,0.7849898338317871,0.7877557873725891,0.7513553246715259
1100,0.05343778431415558,1.0,0.7880324125289917,0.7888298630714417,0.7217497261929395
1101,0.0491798035800457,1.0,0.7931034564971924,0.7898442149162292,0.45742681728134266
1102,0.03844734653830528,1.0,0.7925963401794434,0.7909182906150818,0.3529433473090673
1103,0.04869480058550835,1.0,0.796146035194397,0.7968852519989014,0.5994843416657435
1104,0.04959149286150932,1.0,0.795638918876648,0.7989140152931213,0.6809371808590752
1105,0.03833862766623497,1.0,0.7951318025588989,0.8002864122390747,0.6010055402209741
1106,0.0470169372856617,1.0,0.7986814975738525,0.8010621070861816,0.647305543771756
1107,0.05120495334267616,1.0,0.7971602082252502,0.7990333437919617,0.5347574740848883
1108,0.03159534931182861,1.0,0.8002028465270996,0.7992123365402222,0.7789625323339752
1109,0.04902184009552002,1.0,0.8037525415420532,0.8004654049873352,0.5212158379405266
1110,0.046839307993650436,1.0,0.8007099032402039,0.7988543510437012,0.6273892486235082
1111,0.04443145915865898,1.0,0.7941176295280457,0.7958111763000488,0.49584244991698195
1112,0.04369012266397476,1.0,0.7941176295280457,0.7950354814529419,0.36850978173266674
1113,0.04592323675751686,1.0,0.795638918876648,0.7946774959564209,0.39521461307806116
1114,0.05315633863210678,1.0,0.7880324125289917,0.7923503518104553,0.8244729526510186
1115,0.047900713980197906,1.0,0.7880324125289917,0.7874574661254883,0.5154390834493012
1116,0.05204669013619423,1.0,0.7789046764373779,0.783698320388794,0.7116860462950919
1117,0.05900470167398453,1.0,0.7773833274841309,0.7832209467887878,0.9498804488330232
1118,0.05023327097296715,1.0,0.7794117331504822,0.7844740152359009,0.6705125410162769
1119,0.04033700004220009,1.0,0.7753549218177795,0.7874574661254883,0.5391269406453683
1120,0.049225691705942154,0.998985767364502,0.7763691544532776,0.7882331609725952,0.6242356442611063
1121,0.029763663187623024,0.998985767364502,0.7799188494682312,0.7863237261772156,0.36408027103485974
1122,0.051388949155807495,1.0,0.7794117331504822,0.7817888855934143,0.7133588246508732
1123,0.056236881762742996,1.0,0.7814401388168335,0.7829225659370422,0.784018393331837
1124,0.059687308967113495,1.0,0.7890466451644897,0.7892475724220276,0.7395529525178254
1125,0.05291302502155304,1.0,0.796146035194397,0.7949758172035217,0.3722515584731455
1126,0.05649074539542198,1.0,0.7971602082252502,0.7973029017448425,0.5554956131127331
1127,0.0630267858505249,1.0,0.8002028465270996,0.7964675426483154,0.7474506025951383
1128,0.05049700289964676,1.0,0.7925963401794434,0.7977206110954285,0.6906808870860757
1129,0.06437013298273087,1.0,0.7931034564971924,0.7910972833633423,0.7518012976942595
1130,0.05235407128930092,1.0,0.7880324125289917,0.7883524894714355,0.46210283463442037
1131,0.04500192776322365,1.0,0.7834685444831848,0.786562442779541,0.42549593874931957
1132,0.04563109204173088,1.0,0.7875253558158875,0.788949191570282,0.2363924023235132
1133,0.04666481539607048,1.0,0.7829614281654358,0.788591206073761,0.3839105475114991
1134,0.06143664941191673,1.0,0.7829614281654358,0.7916939854621887,0.6299632565932616
1135,0.04261494427919388,1.0,0.7834685444831848,0.7887701988220215,0.5466564575230415
1136,0.052615415304899216,1.0,0.7844827175140381,0.7896652221679688,0.6672628737021096
1137,0.050704166293144226,1.0,0.7839756608009338,0.7899039387702942,0.6115074444049745
1138,0.05007118359208107,1.0,0.7799188494682312,0.7884121537208557,0.6520243590618111
1139,0.037738487124443054,1.0,0.7778904438018799,0.7868607640266418,0.3413674771110468
1140,0.035587675869464874,1.0,0.7773833274841309,0.7831612825393677,0.7025911813981094
1141,0.05501933395862579,1.0,0.7783975601196289,0.7863237261772156,0.8986182586021263
1142,0.06507373601198196,1.0,0.7783975601196289,0.7869800925254822,0.7960914047298931
1143,0.05921745300292969,1.0,0.7794117331504822,0.7866817712783813,0.758824650260238
1144,0.05417981743812561,1.0,0.7804259657859802,0.7862043976783752,0.7827306528752924
1145,0.05578720197081566,1.0,0.7799188494682312,0.787696123123169,0.7352036237792349
1146,0.04030740633606911,1.0,0.7844827175140381,0.7899039387702942,0.4480916931856639
1147,0.03131414204835892,1.0,0.7824543714523315,0.7897248864173889,0.3527208676176431
1148,0.04334811493754387,1.0,0.7860040664672852,0.7917536497116089,0.4349541834852108
1149,0.04759528860449791,1.0,0.7738336324691772,0.7856076955795288,0.8851376233479209
1150,0.06319811195135117,1.0,0.7657200694084167,0.777612030506134,1.0825001904714509
1151,0.04261881858110428,1.0,0.7677484750747681,0.7760605812072754,0.6578839636660623
1152,0.06284504383802414,1.0,0.7707910537719727,0.7808938026428223,0.7801355600919383
1153,0.0508987195789814,1.0,0.7778904438018799,0.7879945039749146,0.7477357140462795
1154,0.042015329003334045,1.0,0.7819472551345825,0.7866817712783813,0.9348852533054732
1155,0.057221200317144394,1.0,0.7789046764373779,0.786920428276062,0.5923971086152798
1156,0.048964664340019226,1.0,0.7844827175140381,0.7928277254104614,0.6623558682576745
1157,0.06177716702222824,1.0,0.7860040664672852,0.7945581078529358,0.602115152450548
1158,0.06454221904277802,1.0,0.7895537614822388,0.8004654049873352,0.7298485576034317
1159,0.0590774267911911,1.0,0.7860040664672852,0.8037472367286682,0.7648519510389542
1160,0.055113572627305984,1.0,0.7870182394981384,0.8021957874298096,0.954891402027023
1161,0.051411401480436325,1.0,0.7936105132102966,0.8049405813217163,1.0147739072003024
1162,0.05093667283654213,1.0,0.7941176295280457,0.804821252822876,0.6381847525108988
1163,0.04801977053284645,0.998985767364502,0.795638918876648,0.8008831143379211,0.7241228318999466
1164,0.05827837064862251,0.998985767364502,0.7946247458457947,0.8025538325309753,0.5674956424892345
1165,0.08767751604318619,0.998985767364502,0.7931034564971924,0.8030312061309814,0.6589146775234781
1166,0.0639520138502121,1.0,0.7936105132102966,0.802792489528656,1.136346550428668
1167,0.03907033056020737,1.0,0.790567934513092,0.8032101988792419,0.32550520634642904
1168,0.07151012122631073,1.0,0.7870182394981384,0.7982576489448547,0.7916401450985541
1169,0.047948889434337616,1.0,0.7789046764373779,0.7838773131370544,0.9457346611210908
1170,0.0688786506652832,1.0,0.772312343120575,0.7755832672119141,0.6273680663192948
1171,0.08609656244516373,1.0,0.7773833274841309,0.7824452519416809,1.0548134367851196
1172,0.04556191340088844,1.0,0.7824543714523315,0.790202260017395,0.7190631648576495
1173,0.0776451975107193,1.0,0.7865111231803894,0.7922906875610352,0.6539844441000328
1174,0.055197153240442276,0.998985767364502,0.7804259657859802,0.7878751754760742,0.5502614992553548
1175,0.046032700687646866,0.998985767364502,0.7682555317878723,0.7815501689910889,0.6221004831985861
1176,0.045774225145578384,0.998985767364502,0.7647058367729187,0.7768363356590271,0.5206190795105292
1177,0.05632450431585312,0.998985767364502,0.7697768807411194,0.7802971601486206,0.5447143862413517
1178,0.0492069236934185,0.998985767364502,0.7768762707710266,0.7864431142807007,1.3852702417919396
1179,0.0497492291033268,0.998985767364502,0.7809330224990845,0.793484091758728,0.42804654386265883
1180,0.05016053467988968,0.998985767364502,0.7844827175140381,0.793484091758728,0.5998786215988178
1181,0.06836346536874771,0.998985767364502,0.7854969501495361,0.7935437560081482,0.8781372052047977
1182,0.06749115139245987,0.998985767364502,0.7910750508308411,0.794617772102356,0.8410256188810673
1183,0.039701178669929504,0.998985767364502,0.7971602082252502,0.795512855052948,0.477477958357064
1184,0.06184836104512215,0.998985767364502,0.790060818195343,0.7950354814529419,0.7927307895834208
1185,0.055179741233587265,0.998985767364502,0.7844827175140381,0.7940807938575745,0.5432671194310909
1186,0.05397658050060272,1.0,0.7860040664672852,0.7924696803092957,0.5156773319404776
1187,0.06953209638595581,1.0,0.7885395288467407,0.7922906875610352,0.6178518731588396
1188,0.04930519312620163,1.0,0.7870182394981384,0.7901425957679749,0.5575059588563475
1189,0.05429070070385933,1.0,0.7849898338317871,0.7884718179702759,0.6301228651782869
1190,0.052601125091314316,1.0,0.7783975601196289,0.7878751754760742,0.8549673478265127
1191,0.05817146599292755,1.0,0.7870182394981384,0.7900829315185547,0.825484525364025
1192,0.0626860186457634,1.0,0.7865111231803894,0.790977954864502,0.6472319459989263
1193,0.05084717646241188,1.0,0.7875253558158875,0.7924696803092957,0.6442726439880239
1194,0.05629688501358032,1.0,0.790567934513092,0.7932453751564026,0.49729930958845725
1195,0.05556400492787361,1.0,0.7951318025588989,0.7952144742012024,0.9493924963246708
1196,0.05874624848365784,1.0,0.7910750508308411,0.7927680611610413,0.7779184318892238
1197,0.055727023631334305,1.0,0.7910750508308411,0.7952144742012024,0.6277085663930952
1198,0.08765038102865219,1.0,0.7951318025588989,0.7981979846954346,0.9766961241803395
1199,0.060857079923152924,1.0,0.7941176295280457,0.7947371602058411,0.643334400669655
1200,0.060624346137046814,1.0,0.7865111231803894,0.7912763357162476,0.5991600840082857
1201,0.06789010018110275,1.0,0.7783975601196289,0.7897248864173889,0.7924166223313959
1202,0.06804440170526505,1.0,0.7783975601196289,0.790202260017395,0.9721017620247359
1203,0.06378288567066193,1.0,0.7794117331504822,0.7899636030197144,0.6046677369062401
1204,0.06791289895772934,1.0,0.7834685444831848,0.7921713590621948,0.7111102332077899
1205,0.056769583374261856,1.0,0.7860040664672852,0.7963482141494751,0.5666430646494164
1206,0.04810565337538719,1.0,0.7880324125289917,0.7949161529541016,0.4341839015988209
1207,0.0598326176404953,1.0,0.7849898338317871,0.7943791151046753,0.6943647210085838
1208,0.06433768570423126,1.0,0.7920892238616943,0.7997493743896484,0.7779645968018077
1209,0.06070888414978981,1.0,0.7931034564971924,0.8012410998344421,0.593366544480684
1210,0.06815936416387558,1.0,0.796653151512146,0.8023748397827148,1.0336199890845217
1211,0.054662592709064484,1.0,0.7931034564971924,0.8001670837402344,0.3761713192729296
1212,0.04785686358809471,1.0,0.790567934513092,0.7973625659942627,0.6322938536946162
1213,0.04513784870505333,1.0,0.7920892238616943,0.7968852519989014,0.5642655824460497
1214,0.04652365669608116,1.0,0.7931034564971924,0.797541618347168,0.515133791585121
1215,0.07439382374286652,1.0,0.7941176295280457,0.7997493743896484,0.6750387719650882
1216,0.05331119894981384,1.0,0.7996957302093506,0.8026134967803955,0.561868589254398
1217,0.05565943568944931,1.0,0.7986814975738525,0.8038665652275085,0.4823854807685608
1218,0.043159715831279755,1.0,0.7951318025588989,0.7982576489448547,0.7132308827481403
1219,0.04324515536427498,1.0,0.790060818195343,0.7921116948127747,0.6680244859909595
1220,0.054071493446826935,1.0,0.795638918876648,0.7919923663139343,0.4705362900963274
1221,0.051857784390449524,1.0,0.8062880039215088,0.7970642447471619,0.7644405179222346
1222,0.05926135182380676,1.0,0.8057808876037598,0.7962885499000549,0.630488810756894
1223,0.06532467156648636,1.0,0.8037525415420532,0.7995107173919678,0.9692224812135648
1224,0.04620171710848808,1.0,0.7981744408607483,0.7983769774436951,0.8414900873529689
1225,0.04604588821530342,1.0,0.7941176295280457,0.7986752986907959,0.5704981929051672
1226,0.05674771964550018,1.0,0.7981744408607483,0.7997493743896484,0.702465343542091
1227,0.04974677786231041,1.0,0.8002028465270996,0.8004654049873352,0.5749703634214193
1228,0.052094731479883194,0.998985767364502,0.7991886138916016,0.8029715418815613,0.7406701887882401
1229,0.06948684900999069,0.998985767364502,0.796146035194397,0.7992123365402222,0.9484139077074725
1230,0.041919369250535965,0.998985767364502,0.7976673245429993,0.7953935265541077,0.6934516232207891
1231,0.06015368923544884,0.998985767364502,0.8002028465270996,0.7927083969116211,0.6294319049375101
1232,0.056899141520261765,0.998985767364502,0.7996957302093506,0.7927083969116211,0.4784680715559101
1233,0.04753865674138069,0.998985767364502,0.8052738308906555,0.7940211296081543,0.8889060978544426
1234,0.07227356731891632,1.0,0.7996957302093506,0.7955725193023682,0.8001966472706735
1235,0.0750836580991745,1.0,0.7976673245429993,0.791813313961029,0.5576849451937951
1236,0.04965142905712128,1.0,0.7951318025588989,0.7893072366714478,0.496448835875934
1237,0.04334390535950661,1.0,0.7931034564971924,0.7901425957679749,0.5836721662614776
1238,0.04462132975459099,1.0,0.790567934513092,0.7927083969116211,0.6540649860379878
1239,0.04310595616698265,1.0,0.7890466451644897,0.7953338027000427,0.5160966763489981
1240,0.040101759135723114,1.0,0.7895537614822388,0.7973029017448425,0.7104607799957994
1241,0.06019311398267746,1.0,0.7915821075439453,0.7988543510437012,0.9271248215409956
1242,0.03591705486178398,1.0,0.790567934513092,0.7994509935379028,0.45809063413685197
1243,0.04216707870364189,1.0,0.7844827175140381,0.7912166118621826,0.7300057435873042
1244,0.05697222426533699,1.0,0.7773833274841309,0.7866817712783813,0.6427616321901201
1245,0.05928448215126991,1.0,0.7758620381355286,0.7860850691795349,0.7906286771579539
1246,0.05233772471547127,1.0,0.7789046764373779,0.786562442779541,0.47022919662959717
1247,0.04961077868938446,1.0,0.7819472551345825,0.7876364588737488,0.6103517369925726
1248,0.05382385477423668,1.0,0.7794117331504822,0.7875767946243286,0.5652603908769421
1249,0.03458870202302933,1.0,0.7773833274841309,0.7866221070289612,0.4004314222009172
1250,0.06591764092445374,1.0,0.7783975601196289,0.7900829315185547,0.7389517646895314
1251,0.03574226051568985,1.0,0.7789046764373779,0.7870397567749023,0.39538028962340976
1252,0.04357065260410309,1.0,0.7794117331504822,0.7854287028312683,0.4071459808755742
1253,0.05874500423669815,1.0,0.7844827175140381,0.7903215885162354,0.5903704810392234
1254,0.04712267965078354,1.0,0.7829614281654358,0.7944387793540955,0.5796631447652957
1255,0.03558500111103058,1.0,0.7804259657859802,0.7968255877494812,0.22166589442716272
1256,0.0359087698161602,1.0,0.7748478651046753,0.7943194508552551,0.632141172743995
1257,0.06613106280565262,1.0,0.7783975601196289,0.7955725193023682,0.8057244756654451
1258,0.05234706029295921,1.0,0.7834685444831848,0.7999880313873291,0.5702566481276312
1259,0.04332049936056137,1.0,0.7865111231803894,0.8011217713356018,0.5249378350091386
1260,0.04860275238752365,1.0,0.7875253558158875,0.797541618347168,1.0442777412340751
1261,0.03596628084778786,1.0,0.7834685444831848,0.7903812527656555,0.5166665034250709
1262,0.04378461837768555,1.0,0.7738336324691772,0.787815511226654,0.6211580483043132
1263,0.04910103604197502,1.0,0.7712981700897217,0.7875171303749084,0.6009690961975059
1264,0.06491528451442719,1.0,0.7778904438018799,0.7939614057540894,0.8986454643182822
1265,0.044259361922740936,1.0,0.7885395288467407,0.7997493743896484,0.7766647319217369
1266,0.05161631107330322,1.0,0.7875253558158875,0.8001670837402344,0.5974463250480341
1267,0.03243003040552139,1.0,0.7773833274841309,0.7967061996459961,0.5516750215227748
1268,0.05359679087996483,1.0,0.7809330224990845,0.7932453751564026,0.9048295191781598
1269,0.0633125975728035,1.0,0.7860040664672852,0.787815511226654,0.5899440170133811
1270,0.039378371089696884,1.0,0.7854969501495361,0.7859060764312744,0.3759888021436065
1271,0.05063050612807274,1.0,0.7844827175140381,0.7907989621162415,0.6258927480915458
1272,0.05111696571111679,1.0,0.7890466451644897,0.7962288856506348,0.3145697299258862
1273,0.04304224252700806,1.0,0.7880324125289917,0.797541618347168,0.6640770234551604
1274,0.04060184210538864,1.0,0.7829614281654358,0.7958111763000488,0.741571098075329
1275,0.03924263268709183,1.0,0.7773833274841309,0.7857270240783691,0.6224675396348565
1276,0.06569352746009827,1.0,0.7748478651046753,0.7870397567749023,0.7869414251086796
1277,0.047245703637599945,1.0,0.7804259657859802,0.7893072366714478,0.35659674527777346
1278,0.03264722228050232,1.0,0.7875253558158875,0.7891879081726074,0.3973318209301234
1279,0.053748954087495804,1.0,0.7839756608009338,0.7882331609725952,0.5804459851536852
1280,0.04521965980529785,1.0,0.7865111231803894,0.7906796336174011,0.8459854604125294
1281,0.04615442454814911,1.0,0.7814401388168335,0.7843546271324158,0.700437695331696
1282,0.04148738458752632,1.0,0.7778904438018799,0.7856076955795288,0.597951108521865
1283,0.032996758818626404,1.0,0.7783975601196289,0.790619969367981,0.5730480417388472
1284,0.03630606085062027,1.0,0.7870182394981384,0.7924100160598755,0.6312998567194573
1285,0.05392850562930107,1.0,0.7915821075439453,0.7888298630714417,0.4702717353160103
1286,0.04630894958972931,1.0,0.7854969501495361,0.7831612825393677,1.300175978506379
1287,0.05381976068019867,1.0,0.7829614281654358,0.7868607640266418,0.7968315550235184
1288,0.032877158373594284,1.0,0.7814401388168335,0.7870994210243225,0.41715858911883225
1289,0.06088060885667801,1.0,0.7804259657859802,0.7863833904266357,0.6280910360249081
1290,0.05054069310426712,1.0,0.7794117331504822,0.7846530079841614,0.6400152764146994
1291,0.052748166024684906,1.0,0.7819472551345825,0.7850109934806824,1.768961839004368
1292,0.045468125492334366,1.0,0.7804259657859802,0.785667359828949,0.8225877950422582
1293,0.05772785097360611,1.0,0.7819472551345825,0.7831612825393677,0.831778523790708
1294,0.04873045161366463,1.0,0.7773833274841309,0.7838176488876343,0.6738359891418104
1295,0.0576963908970356,1.0,0.7839756608009338,0.7906796336174011,1.1871812750689048
1296,0.04898007959127426,1.0,0.7865111231803894,0.7919923663139343,0.8658180111897419
1297,0.06487862765789032,1.0,0.790060818195343,0.7927680611610413,0.7021785775823717
1298,0.048537109047174454,1.0,0.7839756608009338,0.7922906875610352,0.6037589766628317
1299,0.05115311220288277,1.0,0.7844827175140381,0.794617772102356,0.6958326922280981
1300,0.07165632396936417,1.0,0.7895537614822388,0.7950951457023621,0.9075686983482143
1301,0.07161178439855576,1.0,0.7936105132102966,0.7967061996459961,0.555090064831243
1302,0.0600690022110939,1.0,0.7870182394981384,0.7929470539093018,0.7397115736473049
1303,0.056915488094091415,1.0,0.7865111231803894,0.7882331609725952,0.7170305896361944
1304,0.06800030171871185,1.0,0.7885395288467407,0.7880541682243347,0.5443248918405755
1305,0.054081991314888,1.0,0.790060818195343,0.7892475724220276,1.0070049241899859
1306,0.04557933658361435,1.0,0.7849898338317871,0.7857867479324341,0.7125443169619959
1307,0.05024401843547821,1.0,0.7834685444831848,0.7825049161911011,0.9288401282313518
1308,0.058592163026332855,1.0,0.7819472551345825,0.779998779296875,0.4409609753570211
1309,0.06371020525693893,1.0,0.7880324125289917,0.7870397567749023,0.8777379394343682
1310,0.046064235270023346,1.0,0.7971602082252502,0.7913359999656677,0.6912007120894477
1311,0.07234614342451096,1.0,0.7991886138916016,0.7940211296081543,0.6116332156419481
1312,0.0793984904885292,1.0,0.8027383089065552,0.7947968244552612,0.8259464418970914
1313,0.05639075115323067,1.0,0.7936105132102966,0.7964675426483154,0.39930873048277865
1314,0.051884353160858154,1.0,0.7936105132102966,0.7977802753448486,0.7325915024493097
1315,0.04968656226992607,1.0,0.7895537614822388,0.7970045804977417,0.6482562069547005
1316,0.06318944692611694,1.0,0.7885395288467407,0.797899603843689,0.5587632939128183
1317,0.04665672034025192,1.0,0.7971602082252502,0.8014797568321228,0.6129385608404916
1318,0.03943295404314995,1.0,0.7996957302093506,0.8024941682815552,0.5917419822557218
1319,0.042719557881355286,1.0,0.7971602082252502,0.8008831143379211,0.27921375380133284
1320,0.057295069098472595,1.0,0.7986814975738525,0.8002864122390747,0.5009275773903925
1321,0.05104850232601166,1.0,0.7920892238616943,0.7963482141494751,1.0061477125026628
1322,0.06752996146678925,1.0,0.7890466451644897,0.7907392978668213,0.5697504452587543
1323,0.07000721246004105,1.0,0.7971602082252502,0.7913956642150879,0.6931268811486059
1324,0.06823934614658356,1.0,0.7936105132102966,0.7912763357162476,0.7078124247623925
1325,0.06444961577653885,1.0,0.7910750508308411,0.785667359828949,0.8466343531470354
1326,0.07997660338878632,1.0,0.7829614281654358,0.7829225659370422,0.9768848387963202
1327,0.057211969047784805,1.0,0.7870182394981384,0.7875767946243286,0.8052713071763267
1328,0.040326736867427826,1.0,0.7844827175140381,0.7907989621162415,0.4552679874983816
1329,0.05062904208898544,1.0,0.7814401388168335,0.7895458936691284,0.4034588436023539
1330,0.05961525812745094,1.0,0.7890466451644897,0.7896652221679688,0.7090549611397915
1331,0.06103821471333504,1.0,0.7870182394981384,0.786562442779541,0.5885239511870785
1332,0.060161519795656204,1.0,0.7986814975738525,0.7906796336174011,0.7803443190996235
1333,0.03989941254258156,1.0,0.7981744408607483,0.7933050990104675,0.3743094877098754
1334,0.050959981977939606,1.0,0.8012170195579529,0.795512855052948,0.5239786965799695
1335,0.06454487144947052,1.0,0.7941176295280457,0.790619969367981,0.9374664557568086
1336,0.047155894339084625,1.0,0.7895537614822388,0.7882331609725952,0.5076246075182599
1337,0.05934784561395645,1.0,0.7895537614822388,0.788591206073761,0.5892754939050271
1338,0.0483383946120739,1.0,0.7915821075439453,0.7879348397254944,0.6588062115561435
1339,0.06920141726732254,1.0,0.790060818195343,0.791813313961029,1.292726370553158
1340,0.051824867725372314,1.0,0.7931034564971924,0.7913359999656677,0.555585999817474
1341,0.047294121235609055,1.0,0.7951318025588989,0.7864431142807007,1.041510378021464
1342,0.036997098475694656,1.0,0.7885395288467407,0.7804164886474609,0.7382678535734728
1343,0.04250739887356758,1.0,0.7885395288467407,0.7821468710899353,0.7448213766446573
1344,0.0508132204413414,1.0,0.7915821075439453,0.7882928252220154,0.46095592097144494
1345,0.03537271171808243,1.0,0.796653151512146,0.7908586263656616,0.33381109428161204
1346,0.03956643491983414,1.0,0.7991886138916016,0.7922906875610352,0.409929572325254
1347,0.057198841124773026,1.0,0.795638918876648,0.792231023311615,0.5656075039949786
1348,0.05517534539103508,1.0,0.7936105132102966,0.7936034202575684,0.5916884466954819
1349,0.059081386774778366,1.0,0.7991886138916016,0.7962288856506348,0.7189761067276793
1350,0.059635866433382034,1.0,0.7996957302093506,0.7979592680931091,0.649718024362109
1351,0.05046558007597923,1.0,0.8002028465270996,0.7968255877494812,0.4215487497522774
1352,0.04075770825147629,1.0,0.7991886138916016,0.7961095571517944,0.59278797688884
1353,0.02854653261601925,1.0,0.796653151512146,0.7936034202575684,0.43456067072853916
1354,0.05073894187808037,1.0,0.7991886138916016,0.7950354814529419,0.7759851495114186
1355,0.0474652424454689,1.0,0.795638918876648,0.7947371602058411,0.7940606868827731
1356,0.047929078340530396,1.0,0.7971602082252502,0.7959901690483093,0.5211944171464249
1357,0.04711052030324936,1.0,0.8022311925888062,0.7948564887046814,0.7385499907541204
1358,0.028930118307471275,1.0,0.7875253558158875,0.7866817712783813,0.3985979901042325
1359,0.05863826349377632,1.0,0.7819472551345825,0.7809535264968872,0.43432312827493946
1360,0.05312743037939072,1.0,0.7895537614822388,0.7851900458335876,0.5345717354942124
1361,0.04859967529773712,1.0,0.7915821075439453,0.7887105345726013,0.8883248029429808
1362,0.05188744142651558,1.0,0.7885395288467407,0.791813313961029,0.6294733638657677
1363,0.05908409506082535,1.0,0.7981744408607483,0.7949161529541016,0.8315598939256333
1364,0.038994576781988144,1.0,0.7920892238616943,0.793484091758728,0.7797390478995322
1365,0.07024061679840088,1.0,0.7839756608009338,0.7941404581069946,0.7104291158876543
1366,0.08846314996480942,1.0,0.7931034564971924,0.8001073598861694,1.458043638902729
1367,0.04231478273868561,1.0,0.8007099032402039,0.7999880313873291,0.8423783938638907
1368,0.06546205282211304,1.0,0.7925963401794434,0.7960498929023743,1.104117796455329
1369,0.07050337642431259,1.0,0.790060818195343,0.7884718179702759,1.1293585980839789
1370,0.05929415300488472,1.0,0.7783975601196289,0.7751655578613281,0.4617787154283446
1371,0.06985229253768921,1.0,0.7799188494682312,0.7797601222991943,0.8720421051051527
1372,0.06460657715797424,1.0,0.7971602082252502,0.7983769774436951,1.244085500003227
1373,0.06134859472513199,1.0,0.7981744408607483,0.8011217713356018,0.8507305044752663
1374,0.0686965063214302,1.0,0.8007099032402039,0.7978399395942688,0.7174118150202781
1375,0.050533998757600784,1.0,0.7986814975738525,0.7913956642150879,0.4943387063007927
1376,0.04689487814903259,1.0,0.7951318025588989,0.7869800925254822,0.5563391559162273
1377,0.05770174041390419,1.0,0.7925963401794434,0.7885315418243408,0.6864550002464179
1378,0.04331383481621742,1.0,0.790060818195343,0.7875171303749084,0.4842752807481994
1379,0.05047234147787094,1.0,0.790567934513092,0.7891879081726074,0.3403314141981279
1380,0.05352272093296051,1.0,0.790060818195343,0.7880541682243347,0.5074357898975308
1381,0.023980049416422844,1.0,0.7895537614822388,0.7874574661254883,0.34195880308751203
1382,0.06820771843194962,1.0,0.7936105132102966,0.7895458936691284,0.6677205938609355
1383,0.04399276152253151,1.0,0.7890466451644897,0.7900829315185547,0.5073374596981541
1384,0.0816466361284256,1.0,0.7946247458457947,0.790619969367981,0.77059385324026
1385,0.05235070735216141,1.0,0.7870182394981384,0.7886508703231812,0.7502843922245834
1386,0.047635361552238464,1.0,0.7778904438018799,0.7844143509864807,0.35531193447006104
1387,0.055032435804605484,1.0,0.7768762707710266,0.7820872068405151,1.1466096541025539
1388,0.06733325123786926,1.0,0.7763691544532776,0.7877557873725891,0.7818946660596432
1389,0.04068967327475548,1.0,0.7789046764373779,0.7916343212127686,0.3111334472296544
1390,0.04415985569357872,1.0,0.7768762707710266,0.7932453751564026,0.373970338753695
1391,0.045302920043468475,1.0,0.772312343120575,0.7899636030197144,0.5905607364172696
1392,0.07449965924024582,1.0,0.7814401388168335,0.7940807938575745,0.9805229604173682
1393,0.034448206424713135,1.0,0.7834685444831848,0.7961692214012146,0.588900091945952
1394,0.03341083973646164,1.0,0.7849898338317871,0.7944387793540955,0.4388519768954094
1395,0.027863923460245132,1.0,0.7854969501495361,0.7924696803092957,0.5454579858534405
1396,0.04451918229460716,1.0,0.7860040664672852,0.792231023311615,0.5478005981084092
1397,0.023491712287068367,1.0,0.7890466451644897,0.790202260017395,0.5366722253401173
1398,0.05479443818330765,1.0,0.7844827175140381,0.7908586263656616,0.5371787097773305
1399,0.045521631836891174,1.0,0.7839756608009338,0.7910972833633423,0.9618230520356281
1400,0.06376533955335617,1.0,0.7844827175140381,0.7888298630714417,0.7319681361464806
1401,0.04926557093858719,1.0,0.7834685444831848,0.7882928252220154,0.6203053541583656
1402,0.03443410247564316,1.0,0.7809330224990845,0.7899039387702942,0.7504801354598498
1403,0.037166811525821686,1.0,0.7829614281654358,0.7887105345726013,0.4051119039287802
1404,0.04763082042336464,1.0,0.7854969501495361,0.790619969367981,0.5840265805591878
1405,0.03434669226408005,1.0,0.7789046764373779,0.788173496723175,0.5518967055419052
1406,0.059317439794540405,1.0,0.7865111231803894,0.793842077255249,0.588494841129622
1407,0.05121712386608124,1.0,0.7941176295280457,0.7970642447471619,0.8856956756289555
1408,0.04917314648628235,1.0,0.796146035194397,0.8018378019332886,0.6038475253147543
1409,0.03404795378446579,1.0,0.7971602082252502,0.8045229315757751,0.6482762896374706
1410,0.046650029718875885,1.0,0.7986814975738525,0.805716335773468,0.6037815129870121
1411,0.03709305822849274,1.0,0.796653151512146,0.8044036030769348,0.5589322464352848
1412,0.05551513284444809,1.0,0.795638918876648,0.8015394806861877,0.9724853486356879
1413,0.03862028196454048,1.0,0.7890466451644897,0.7995107173919678,0.6763097105466925
1414,0.03826061636209488,1.0,0.7885395288467407,0.7981979846954346,0.27614638399919467
1415,0.05789036676287651,1.0,0.7895537614822388,0.795512855052948,0.6575544677203531
1416,0.04511597752571106,1.0,0.7875253558158875,0.7911569476127625,0.46099202392526895
1417,0.044239554554224014,1.0,0.7819472551345825,0.7881138324737549,0.48494749550009814
1418,0.046370793133974075,1.0,0.7748478651046753,0.7854883670806885,0.8878539796829967
1419,0.06460151076316833,1.0,0.7804259657859802,0.7897248864173889,0.7387559591011803
1420,0.060512103140354156,1.0,0.7824543714523315,0.7926487326622009,0.6197364612321528
1421,0.04618082940578461,1.0,0.7824543714523315,0.7927083969116211,0.7910956394974067
1422,0.04952641576528549,1.0,0.7875253558158875,0.7955725193023682,0.7108680999335989
1423,0.046047598123550415,1.0,0.790567934513092,0.7965868711471558,0.7509714239518966
1424,0.04263720661401749,1.0,0.7981744408607483,0.7977802753448486,0.38089694767117366
1425,0.05107380449771881,1.0,0.796146035194397,0.7924100160598755,0.8726819658673243
1426,0.04697065427899361,1.0,0.7925963401794434,0.7888298630714417,0.4598222188673834
1427,0.05495378002524376,1.0,0.7910750508308411,0.7899636030197144,0.673585294453951
1428,0.04930020496249199,1.0,0.7951318025588989,0.7921116948127747,0.6043584314137168
1429,0.06085752695798874,1.0,0.7915821075439453,0.7894265651702881,1.1244426373071497
1430,0.048636544495821,1.0,0.7849898338317871,0.7866221070289612,0.5762826898640919
1431,0.07954370975494385,1.0,0.7819472551345825,0.7847723364830017,0.9497904289948098
1432,0.05431324243545532,1.0,0.7829614281654358,0.786920428276062,0.4583116268500843
1433,0.04472173750400543,1.0,0.7865111231803894,0.7868010997772217,0.26823756869601834
1434,0.029710974544286728,1.0,0.7819472551345825,0.7819678783416748,0.2538986724064652
1435,0.059179771691560745,1.0,0.7804259657859802,0.7834596037864685,0.8081973213407186
1436,0.07031441479921341,1.0,0.7880324125289917,0.7870397567749023,1.2729230272519507
1437,0.055512022227048874,1.0,0.7880324125289917,0.7880541682243347,0.679931632484204
1438,0.048796407878398895,1.0,0.7839756608009338,0.7879348397254944,0.5808193153466937
1439,0.0626756101846695,1.0,0.7844827175140381,0.7813115119934082,0.9829533748631626
1440,0.04299447312951088,1.0,0.7794117331504822,0.7779103517532349,0.7940073062920778
1441,0.06022120267152786,1.0,0.772819459438324,0.7798794507980347,0.6792855204070731
1442,0.06656239926815033,1.0,0.7819472551345825,0.7835192680358887,0.5622697788412951
1443,0.05502652749419212,1.0,0.7885395288467407,0.7910972833633423,0.6160194110740077
1444,0.0664990246295929,1.0,0.7931034564971924,0.7989736795425415,0.6934296679297433
1445,0.06291311234235764,1.0,0.8012170195579529,0.8043439388275146,0.6521882039373382
1446,0.05667945370078087,1.0,0.8002028465270996,0.7998687028884888,0.8094324989115326
1447,0.05610797926783562,1.0,0.7931034564971924,0.7930663824081421,0.6189514705442126
1448,0.06027652695775032,1.0,0.7890466451644897,0.7890685200691223,0.8031757271412682
1449,0.06573345512151718,1.0,0.7890466451644897,0.7910376191139221,0.6472054530010379
1450,0.057745181024074554,1.0,0.7910750508308411,0.7927083969116211,0.5777769940781086
1451,0.06211945042014122,0.998985767364502,0.7890466451644897,0.7940211296081543,0.5279305515039562
1452,0.06515942513942719,0.998985767364502,0.7865111231803894,0.7963482141494751,0.6558953287566194
1453,0.045343898236751556,0.998985767364502,0.7829614281654358,0.7936034202575684,0.8059704108150249
1454,0.0506913959980011,1.0,0.7783975601196289,0.7875171303749084,0.5782804108552094
1455,0.05149989202618599,1.0,0.7789046764373779,0.7856076955795288,0.8329430244395777
1456,0.050048328936100006,1.0,0.7829614281654358,0.7828032374382019,0.9211145180587212
1457,0.05912080407142639,1.0,0.7778904438018799,0.7786263823509216,0.577154587332153
1458,0.03626369684934616,1.0,0.7819472551345825,0.7828629016876221,0.5822142377911174
1459,0.0506448931992054,1.0,0.790567934513092,0.7897248864173889,0.763538172078276
1460,0.04708380252122879,1.0,0.7941176295280457,0.7950354814529419,0.5666134239718779
1461,0.0464136004447937,1.0,0.7875253558158875,0.7863237261772156,0.8535328740919296
1462,0.0762951672077179,1.0,0.7799188494682312,0.7848320007324219,1.1778768102564774
1463,0.07324621081352234,1.0,0.790060818195343,0.7937824130058289,1.283581480203132
1464,0.03418593853712082,1.0,0.7865111231803894,0.7926487326622009,0.6874575075209974
1465,0.05065556615591049,1.0,0.790060818195343,0.7923503518104553,0.8071736261994071
1466,0.04934703931212425,1.0,0.7915821075439453,0.7891281843185425,0.5755131393623809
1467,0.06082411855459213,1.0,0.7931034564971924,0.791813313961029,0.6773127542357344
1468,0.045751605182886124,1.0,0.796146035194397,0.7963482141494751,0.4598133556166947
1469,0.05539592728018761,1.0,0.796146035194397,0.8026731610298157,1.0062790692559778
1470,0.050714161247015,1.0,0.7936105132102966,0.8029118776321411,1.9303008363401453
1471,0.07398718595504761,1.0,0.790567934513092,0.8003460764884949,0.7173441968095787
1472,0.07818789035081863,1.0,0.7875253558158875,0.7945581078529358,0.7083701880536235
1473,0.06198102980852127,1.0,0.7834685444831848,0.787696123123169,0.6637944074937567
1474,0.05856131762266159,1.0,0.7743407487869263,0.7814308404922485,0.7998793097635867
1475,0.0897374153137207,1.0,0.7753549218177795,0.7859060764312744,0.8081076672490256
1476,0.07543157786130905,1.0,0.7829614281654358,0.7933647632598877,1.3842767250941213
1477,0.0520658977329731,1.0,0.7860040664672852,0.7957515120506287,0.5666865146038795
1478,0.058987949043512344,1.0,0.7854969501495361,0.7968255877494812,0.6209828879105495
1479,0.07029922306537628,1.0,0.7870182394981384,0.7950354814529419,0.8521054184612444
1480,0.06931258738040924,1.0,0.7824543714523315,0.7931260466575623,1.2159777669494192
1481,0.06449002772569656,1.0,0.7804259657859802,0.7913956642150879,0.596314094945117
1482,0.044050391763448715,1.0,0.7885395288467407,0.7910376191139221,0.6740832929432304
1483,0.05209719017148018,1.0,0.7865111231803894,0.7902619242668152,0.6149835519132527
1484,0.05135567486286163,1.0,0.7834685444831848,0.7884121537208557,0.49169046967067115
1485,0.06962941586971283,1.0,0.7849898338317871,0.7870994210243225,0.86527111891498
1486,0.050920527428388596,1.0,0.7870182394981384,0.7881138324737549,0.6514297453414873
1487,0.05106125399470329,1.0,0.7890466451644897,0.7908586263656616,0.5276587057751696
1488,0.04865469038486481,1.0,0.7910750508308411,0.7933050990104675,0.4725952370165157
1489,0.06489046663045883,1.0,0.7789046764373779,0.7881138324737549,0.8347939554614521
1490,0.05504140630364418,1.0,0.7753549218177795,0.7828032374382019,0.5440890106574918
1491,0.053800277411937714,1.0,0.7834685444831848,0.7825645804405212,0.7604910372073103
1492,0.06010210141539574,1.0,0.7839756608009338,0.7838773131370544,0.7621280661402919
1493,0.06798947602510452,1.0,0.7865111231803894,0.7859060764312744,0.9927266458537913
1494,0.03864671289920807,1.0,0.7895537614822388,0.7875171303749084,0.49354109378344924
1495,0.05600353330373764,1.0,0.7870182394981384,0.788949191570282,0.6793000365092041
1496,0.040147390216588974,1.0,0.7870182394981384,0.7857867479324341,0.5144238477702091
1497,0.05499506741762161,1.0,0.7910750508308411,0.7931260466575623,0.8365245407813516
1498,0.05644078180193901,1.0,0.7880324125289917,0.7971835732460022,0.5471208282653437
1499,0.06115153804421425,1.0,0.7925963401794434,0.7981383204460144,0.8940048320157166
1500,0.05270954221487045,1.0,0.7946247458457947,0.7984366416931152,0.5558050556494089
1501,0.03421677276492119,1.0,0.7910750508308411,0.793484091758728,0.5289650327751052
1502,0.0381656140089035,0.998985767364502,0.7925963401794434,0.7965868711471558,1.0058633692636987
1503,0.050368111580610275,1.0,0.7936105132102966,0.8001073598861694,0.5470229986096714
1504,0.04049192741513252,1.0,0.7890466451644897,0.8008831143379211,0.5927457957502066
1505,0.02737385593354702,1.0,0.790060818195343,0.8002864122390747,0.42287709874878354
1506,0.04098639264702797,1.0,0.7875253558158875,0.7999880313873291,0.4322352587162187
1507,0.050934676080942154,1.0,0.7854969501495361,0.798794686794281,0.39024754118978994
1508,0.05454307794570923,1.0,0.7844827175140381,0.7999283671379089,0.5941476835194024
1509,0.061748381704092026,1.0,0.7829614281654358,0.7973625659942627,0.5795449757279486
1510,0.04457747936248779,1.0,0.7860040664672852,0.7933050990104675,0.7637967828746027
1511,0.03600439801812172,1.0,0.7809330224990845,0.7862640619277954,0.6191351895719409
1512,0.05723058804869652,1.0,0.7768762707710266,0.7813711762428284,0.6185597681521416
1513,0.051099807024002075,1.0,0.7804259657859802,0.7826242446899414,0.7136582845786553
1514,0.05438493192195892,1.0,0.7860040664672852,0.7883524894714355,1.091555104575256
1515,0.05466901510953903,1.0,0.7860040664672852,0.7893072366714478,0.5562146947983918
1516,0.06469456851482391,1.0,0.7946247458457947,0.7928277254104614,0.8010466224863649
1517,0.048854053020477295,1.0,0.796146035194397,0.7919327020645142,0.6204985329105943
1518,0.04904748871922493,1.0,0.795638918876648,0.7903215885162354,0.395346112658818
1519,0.05138341709971428,1.0,0.796653151512146,0.7899039387702942,0.503008343342299
1520,0.0633026510477066,1.0,0.7925963401794434,0.7916343212127686,0.8181278570775055
1521,0.04988463968038559,1.0,0.7925963401794434,0.7942001223564148,0.5420545377152681
1522,0.06528592109680176,1.0,0.7991886138916016,0.7992123365402222,0.7196433705190445
1523,0.05839184299111366,1.0,0.7971602082252502,0.7953338027000427,0.585028892786093
1524,0.06973038613796234,1.0,0.7991886138916016,0.8013604283332825,0.6196994035346773
1525,0.06959916651248932,1.0,0.7996957302093506,0.8063727021217346,0.8852450030973706
1526,0.04827575013041496,0.998985767364502,0.8027383089065552,0.8064323663711548,0.4864705356360047
1527,0.028490737080574036,0.998985767364502,0.7951318025588989,0.8017781376838684,0.296383115085476
1528,0.04879346862435341,0.998985767364502,0.7920892238616943,0.7984366416931152,0.44402920092229736
1529,0.05386154726147652,0.998985767364502,0.7941176295280457,0.7989140152931213,0.7222239765243352
1530,0.04693252965807915,0.998985767364502,0.7981744408607483,0.803687572479248,0.9701097470841559
1531,0.04506321996450424,0.998985767364502,0.795638918876648,0.8015991449356079,0.5159170500129128
1532,0.06264059245586395,0.998985767364502,0.7915821075439453,0.7972432374954224,0.6378377411327686
1533,0.04562478885054588,1.0,0.790567934513092,0.7904409170150757,0.5052069871547648
1534,0.055986493825912476,1.0,0.7865111231803894,0.7864431142807007,0.3778817966503933
1535,0.042393989861011505,1.0,0.7814401388168335,0.7847723364830017,0.3659343849121085
1536,0.037300918251276016,1.0,0.7819472551345825,0.7871591448783875,0.6647497469500795
1537,0.04017741233110428,1.0,0.7849898338317871,0.7897845506668091,0.6530899796449505
1538,0.03167232125997543,1.0,0.7890466451644897,0.7913956642150879,0.5492504785226542
1539,0.04415338858962059,1.0,0.7890466451644897,0.7932453751564026,0.43831123123077964
1540,0.04878692328929901,1.0,0.7951318025588989,0.7971835732460022,0.7109913148290246
1541,0.04115970432758331,1.0,0.7910750508308411,0.7979592680931091,0.47606487254297497
1542,0.04313591495156288,1.0,0.7870182394981384,0.7945581078529358,0.6252633929023272
1543,0.040728967636823654,1.0,0.7819472551345825,0.7927083969116211,1.0262633578457527
1544,0.05715986341238022,1.0,0.7789046764373779,0.7860254049301147,0.6822284257552034
1545,0.05460662767291069,1.0,0.7814401388168335,0.7801777720451355,0.601640131690101
1546,0.08186942338943481,1.0,0.7854969501495361,0.7821468710899353,1.0297346665926763
1547,0.08366011083126068,1.0,0.7834685444831848,0.7861447334289551,0.710410865346742
1548,0.05053204670548439,1.0,0.7890466451644897,0.7928873896598816,0.9658910107847812
1549,0.052649419754743576,0.998985767364502,0.7920892238616943,0.797541618347168,1.1581367732134578
1550,0.04544472321867943,0.998985767364502,0.7941176295280457,0.7985559701919556,0.5341656992910503
1551,0.05617393180727959,1.0,0.7971602082252502,0.7962288856506348,0.7089790015036611
1552,0.059837255626916885,1.0,0.8007099032402039,0.794617772102356,0.5108793384409499
1553,0.07196152210235596,1.0,0.7996957302093506,0.7996897101402283,0.7024887718291154
1554,0.07219566404819489,1.0,0.8007099032402039,0.8029715418815613,0.614097460672474
1555,0.06356353312730789,1.0,0.8017241358757019,0.8000476956367493,0.8600961911754661
1556,0.04207044839859009,1.0,0.8012170195579529,0.7967061996459961,0.4023826806597885
1557,0.05798501893877983,1.0,0.7971602082252502,0.7923503518104553,0.6132193303323121
1558,0.04305360093712807,1.0,0.8002028465270996,0.7974819540977478,0.6199326239838485
1559,0.04731007665395737,1.0,0.790567934513092,0.7997493743896484,0.5221124635084715
1560,0.050558388233184814,1.0,0.7854969501495361,0.7972432374954224,0.6156104571286013
1561,0.08216499537229538,1.0,0.7854969501495361,0.7913359999656677,0.8957226830764404
1562,0.06194649264216423,1.0,0.7865111231803894,0.7872784733772278,0.6501883728588083
1563,0.043291784822940826,1.0,0.7834685444831848,0.7863833904266357,0.5843592124072472
1564,0.05249832943081856,1.0,0.7824543714523315,0.7856076955795288,0.941928902045689
1565,0.060579895973205566,1.0,0.7819472551345825,0.788591206073761,0.7993461863758995
1566,0.0385163314640522,1.0,0.7839756608009338,0.7926487326622009,1.1640261137302872
1567,0.03693529590964317,1.0,0.7849898338317871,0.7943194508552551,0.3930340660817362
1568,0.06803777813911438,1.0,0.7849898338317871,0.7921713590621948,0.630914711251544
1569,0.04760055989027023,1.0,0.7854969501495361,0.7919327020645142,0.506379406945533
1570,0.0716206282377243,1.0,0.7920892238616943,0.7958111763000488,0.7592742138049494
1571,0.058470264077186584,1.0,0.795638918876648,0.7974222898483276,0.6226533431670735
1572,0.05857207626104355,1.0,0.8012170195579529,0.798794686794281,0.47692250863875496
1573,0.08295957744121552,1.0,0.7925963401794434,0.7935437560081482,1.1841931080949344
1574,0.04957253485918045,1.0,0.7880324125289917,0.7846530079841614,0.7292005139940207
1575,0.06545089185237885,1.0,0.7880324125289917,0.782027542591095,0.768288460452508
1576,0.03192686289548874,1.0,0.7895537614822388,0.7841159701347351,0.25962069638942714
1577,0.05393595993518829,1.0,0.7941176295280457,0.7893072366714478,0.7372506883352621
1578,0.06493455916643143,1.0,0.796653151512146,0.7910972833633423,0.5755681823660547
1579,0.055340785533189774,1.0,0.7875253558158875,0.7901425957679749,0.7675110896541484
1580,0.06394561380147934,1.0,0.7910750508308411,0.7890088558197021,1.2766396424680273
1581,0.05174027010798454,1.0,0.790060818195343,0.787696123123169,0.6237464448355772
1582,0.06124576926231384,1.0,0.8007099032402039,0.7980785965919495,0.9774195369720026
1583,0.06450600177049637,1.0,0.8007099032402039,0.8045229315757751,0.7949898044732038
1584,0.025904539972543716,1.0,0.8027383089065552,0.8060146570205688,0.26771334125889584
1585,0.06046607717871666,1.0,0.7996957302093506,0.8015394806861877,0.8300496065056512
1586,0.05445577949285507,1.0,0.7941176295280457,0.7947371602058411,0.504746234810295
1587,0.045309584587812424,1.0,0.7941176295280457,0.790202260017395,0.6012050067716133
1588,0.06944835186004639,1.0,0.7925963401794434,0.790202260017395,0.5876448874598966
1589,0.04524965211749077,1.0,0.8002028465270996,0.7965868711471558,0.9031492565834797
1590,0.045792315155267715,1.0,0.7880324125289917,0.7950951457023621,0.43565117123398683
1591,0.04772425815463066,1.0,0.7890466451644897,0.7939017415046692,0.6343279235528861
1592,0.04672717675566673,1.0,0.7946247458457947,0.7950354814529419,0.4291011619003732
1593,0.039534494280815125,1.0,0.7915821075439453,0.790619969367981,0.5576481668141396
1594,0.047452181577682495,1.0,0.7941176295280457,0.7898442149162292,0.5416203180646598
1595,0.04265899583697319,1.0,0.7991886138916016,0.794617772102356,0.6495061231633219
1596,0.04149943217635155,1.0,0.7976673245429993,0.7968852519989014,0.41854943368325187
1597,0.05180065333843231,1.0,0.7971602082252502,0.7992720007896423,0.6368181864317236
1598,0.04421713575720787,1.0,0.7996957302093506,0.7993913292884827,0.5582286218036746
1599,0.054081566631793976,1.0,0.796653151512146,0.7986752986907959,0.5246048442349411
1600,0.02966856211423874,1.0,0.7936105132102966,0.7970045804977417,0.2940662991855665
1601,0.046296052634716034,1.0,0.7925963401794434,0.7968255877494812,0.44037864990878584
1602,0.046311743557453156,1.0,0.7936105132102966,0.7947371602058411,0.4105620087736475
1603,0.03869249299168587,1.0,0.7915821075439453,0.7951548099517822,0.6711043876551747
1604,0.05603212118148804,1.0,0.7920892238616943,0.7935437560081482,0.5193077816787126
1605,0.036998290568590164,1.0,0.7839756608009338,0.7879945039749146,0.7530652735878977
1606,0.05112132802605629,1.0,0.7758620381355286,0.7772539854049683,0.6672228661176954
1607,0.04880387336015701,1.0,0.7783975601196289,0.7800584435462952,0.8212501008686642
1608,0.06111311540007591,1.0,0.7865111231803894,0.7842949628829956,0.6476320056985929
1609,0.04687918722629547,1.0,0.7865111231803894,0.7888298630714417,0.3993002728126675
1610,0.045208416879177094,1.0,0.7849898338317871,0.7873978018760681,0.686894293961409
1611,0.04525117576122284,1.0,0.7829614281654358,0.783280611038208,0.5061549962382925
1612,0.03715028613805771,1.0,0.7819472551345825,0.7808938026428223,0.3604949819716401
1613,0.03191358223557472,1.0,0.7789046764373779,0.7792230844497681,0.4520731911583689
1614,0.04720177873969078,1.0,0.7824543714523315,0.7834596037864685,0.6772060692730857
1615,0.03709028288722038,1.0,0.7880324125289917,0.7887105345726013,0.4412666335552487
1616,0.03510124236345291,1.0,0.7870182394981384,0.7896652221679688,0.48345020034658737
1617,0.036495745182037354,1.0,0.7890466451644897,0.7912763357162476,0.34460923249244857
1618,0.04325602948665619,1.0,0.7865111231803894,0.7903215885162354,0.8955975048935285
1619,0.0391860231757164,1.0,0.7890466451644897,0.7912763357162476,0.2860927266936916
1620,0.027181509882211685,1.0,0.7941176295280457,0.7927083969116211,0.2123395870400706
1621,0.03720240294933319,1.0,0.7925963401794434,0.7950951457023621,0.5351703887967232
1622,0.03901272267103195,1.0,0.790567934513092,0.7971835732460022,0.733358276124085
1623,0.039483703672885895,1.0,0.7824543714523315,0.7936630845069885,0.4309255201847351
1624,0.04796202480792999,1.0,0.7834685444831848,0.7882331609725952,1.0010582463669426
1625,0.04388429969549179,1.0,0.7799188494682312,0.7789844274520874,0.5732900726851915
1626,0.04849069565534592,1.0,0.7809330224990845,0.7785667181015015,1.1938478133673458
1627,0.03688439354300499,1.0,0.7885395288467407,0.7861447334289551,0.7126965541447087
1628,0.06460874527692795,1.0,0.7920892238616943,0.7928873896598816,1.222711130774487
1629,0.05657961219549179,1.0,0.7910750508308411,0.797541618347168,0.8186584580311581
1630,0.043030258268117905,1.0,0.7931034564971924,0.7988543510437012,0.526646683345435
1631,0.04832971841096878,1.0,0.7936105132102966,0.7997493743896484,0.9477350442093161
1632,0.05412191152572632,1.0,0.7920892238616943,0.7980785965919495,0.8297006399628991
1633,0.057974476367235184,1.0,0.7890466451644897,0.7953935265541077,0.8383517425335395
1634,0.05695686861872673,1.0,0.7880324125289917,0.7970045804977417,0.5765383332374084
1635,0.05233391746878624,1.0,0.7875253558158875,0.7945581078529358,1.022857821332332
1636,0.058506712317466736,1.0,0.7824543714523315,0.7924100160598755,0.902344790593125
1637,0.05619387328624725,1.0,0.7804259657859802,0.7916939854621887,0.6254952498799657
1638,0.029313422739505768,1.0,0.7794117331504822,0.7939017415046692,0.501585208988158
1639,0.0642760619521141,0.998985767364502,0.7804259657859802,0.793484091758728,0.9377943415474486
1640,0.05309794843196869,0.998985767364502,0.7763691544532776,0.7933647632598877,0.47254417441537505
1641,0.0546380877494812,0.998985767364502,0.7748478651046753,0.7961692214012146,0.6026054014863893
1642,0.06182258203625679,1.0,0.7809330224990845,0.7988543510437012,0.994401730143164
1643,0.06670885533094406,1.0,0.7880324125289917,0.8004654049873352,0.6778305030939439
1644,0.06510718166828156,1.0,0.7839756608009338,0.794259786605835,0.7496241062152293
1645,0.03144020959734917,1.0,0.7718052268028259,0.7815501689910889,0.3525790237769859
1646,0.04449271783232689,1.0,0.7712981700897217,0.7799391150474548,0.6593881140700487
1647,0.07593347877264023,1.0,0.7687626481056213,0.7833402752876282,0.7354680886989585
1648,0.05941467732191086,1.0,0.773326575756073,0.7886508703231812,0.5594262600588037
1649,0.057514309883117676,1.0,0.7783975601196289,0.7925293445587158,0.7475340539426933
1650,0.04141737520694733,1.0,0.7799188494682312,0.7952144742012024,0.619151171630069
1651,0.06289110332727432,1.0,0.7773833274841309,0.7913359999656677,0.9073063165815184
1652,0.068121999502182,1.0,0.7778904438018799,0.7891281843185425,0.8450160010877951
1653,0.04764844849705696,1.0,0.7799188494682312,0.795512855052948,0.6222782279469998
1654,0.044039592146873474,1.0,0.7849898338317871,0.7996300458908081,1.1018170850715308
1655,0.07520528137683868,1.0,0.7860040664672852,0.7974819540977478,0.6539510041399577
1656,0.06450234353542328,1.0,0.7839756608009338,0.7947371602058411,0.7652440660007623
1657,0.07109449803829193,1.0,0.7829614281654358,0.7896652221679688,0.7946602096390992
1658,0.05885251238942146,1.0,0.7860040664672852,0.7891281843185425,0.512723256553057
1659,0.057158589363098145,1.0,0.7870182394981384,0.7922906875610352,0.5446546750746424
1660,0.07309912890195847,1.0,0.7875253558158875,0.7955725193023682,0.8408796809980614
1661,0.05818093195557594,1.0,0.7854969501495361,0.7923503518104553,0.8121463098251395
1662,0.07150709629058838,1.0,0.7814401388168335,0.7884718179702759,0.6836827580691908
1663,0.05157846957445145,1.0,0.7809330224990845,0.7888298630714417,0.9835079452192721
1664,0.034870605915784836,1.0,0.7880324125289917,0.7900829315185547,0.44854708310729524
1665,0.06428954005241394,1.0,0.7936105132102966,0.7928277254104614,0.6987062745400172
1666,0.06105108559131622,1.0,0.7936105132102966,0.7951548099517822,0.5411045957623056
1667,0.043041639029979706,1.0,0.796653151512146,0.7948564887046814,0.7123352532690269
1668,0.048252031207084656,1.0,0.7925963401794434,0.797899603843689,0.6345908642040466
1669,0.0451664924621582,1.0,0.7971602082252502,0.7977802753448486,0.4980466495911245
1670,0.05977362021803856,1.0,0.7890466451644897,0.795870840549469,0.5232634914016364
1671,0.041567444801330566,1.0,0.7839756608009338,0.7919327020645142,0.7744539103002989
1672,0.06799570471048355,1.0,0.7834685444831848,0.7868010997772217,0.6417816440306514
1673,0.07820858061313629,1.0,0.7824543714523315,0.7841159701347351,0.8071264174795514
1674,0.05752004310488701,1.0,0.7804259657859802,0.781251847743988,0.5506354430448889
1675,0.056223101913928986,1.0,0.7819472551345825,0.7853690385818481,0.6820836874202263
1676,0.054075825959444046,1.0,0.790567934513092,0.7929470539093018,0.7688347405942151
1677,0.05117415636777878,1.0,0.7946247458457947,0.7976609468460083,0.7874048841777511
1678,0.05716587230563164,1.0,0.7946247458457947,0.7993913292884827,0.9733227384703868
1679,0.06466396152973175,1.0,0.7946247458457947,0.795512855052948,0.982737095806186
1680,0.04247662052512169,1.0,0.7920892238616943,0.7928277254104614,0.5301563108434073
1681,0.06859111040830612,1.0,0.7920892238616943,0.7906796336174011,0.6048849578675427
1682,0.04079298675060272,1.0,0.790567934513092,0.7921116948127747,0.5264111269821762
1683,0.04502764344215393,1.0,0.790567934513092,0.794617772102356,0.7239863014222978
1684,0.04689908027648926,1.0,0.790567934513092,0.7939614057540894,0.49699039319705307
1685,0.03389973193407059,1.0,0.7875253558158875,0.7912166118621826,0.5125597926218313
1686,0.06675277650356293,1.0,0.7875253558158875,0.7883524894714355,0.7046449445741623
1687,0.054048798978328705,1.0,0.7865111231803894,0.7834596037864685,0.6594913246027142
1688,0.05896192044019699,1.0,0.7936105132102966,0.7869800925254822,0.8181614535187937
1689,0.04866475984454155,1.0,0.7941176295280457,0.7890088558197021,0.5938765567522507
1690,0.05311056599020958,1.0,0.7915821075439453,0.7881138324737549,0.9296557438426752
1691,0.046496834605932236,1.0,0.7946247458457947,0.7890088558197021,0.7256432966812515
1692,0.045708067715168,1.0,0.7941176295280457,0.7897845506668091,0.5008960520462298
1693,0.058377377688884735,1.0,0.7976673245429993,0.7942001223564148,0.6456077419443972
1694,0.04322626069188118,1.0,0.8007099032402039,0.7960498929023743,0.7034512693238013
1695,0.059791550040245056,1.0,0.8027383089065552,0.7956918478012085,0.797738671474869
1696,0.05623525381088257,1.0,0.8012170195579529,0.7950951457023621,0.8177196419971899
1697,0.05265180394053459,1.0,0.796653151512146,0.7954531908035278,0.9100228954481321
1698,0.04025468975305557,1.0,0.7996957302093506,0.7981383204460144,0.5788357443363749
1699,0.06500585377216339,0.998985767364502,0.8047667145729065,0.7990930080413818,0.7702063418288365
1700,0.04698489233851433,1.0,0.8017241358757019,0.7945581078529358,0.8579808791246724
1701,0.06157394126057625,1.0,0.7936105132102966,0.7894862294197083,0.7009818493303661
1702,0.05279703438282013,1.0,0.790567934513092,0.7899636030197144,1.132820539815917
1703,0.048148591071367264,0.998985767364502,0.796146035194397,0.7928873896598816,0.5113437040026855
1704,0.045806191861629486,0.998985767364502,0.796146035194397,0.7947371602058411,1.0515304071418572
1705,0.05583049729466438,0.998985767364502,0.8002028465270996,0.7966465353965759,0.46689945515448034
1706,0.06728791445493698,0.998985767364502,0.8032454252243042,0.7996300458908081,0.7247773826592051
1707,0.04840889573097229,0.998985767364502,0.8032454252243042,0.8014797568321228,0.551948171143282
1708,0.05723170191049576,1.0,0.8078092932701111,0.8026731610298157,0.8545136009113258
1709,0.06468799710273743,1.0,0.8002028465270996,0.7995107173919678,0.8245055270574243
1710,0.036253489553928375,1.0,0.7946247458457947,0.7950951457023621,0.44489991789751326
1711,0.04994364455342293,1.0,0.796146035194397,0.7922906875610352,0.5365398002157302
1712,0.05963759496808052,1.0,0.7946247458457947,0.7940211296081543,0.6814058252781882
1713,0.04870046675205231,1.0,0.7946247458457947,0.7950354814529419,0.4374556663148195
1714,0.05341915413737297,1.0,0.796653151512146,0.7965868711471558,0.44344497193067484
1715,0.045438073575496674,1.0,0.7941176295280457,0.7961095571517944,0.6770725592537508
1716,0.078575998544693,1.0,0.7981744408607483,0.7952741384506226,0.7831418030088289
1717,0.05541227012872696,1.0,0.796146035194397,0.7902619242668152,0.7933794243013739
1718,0.05018218234181404,1.0,0.7971602082252502,0.7896055579185486,0.4778538561007894
1719,0.09521377831697464,1.0,0.796146035194397,0.7936630845069885,0.8308496660342505
1720,0.04437119513750076,1.0,0.7941176295280457,0.7956321835517883,0.6720010791270505
1721,0.04568079486489296,1.0,0.7936105132102966,0.797541618347168,0.8617477102544184
1722,0.05380327254533768,1.0,0.7981744408607483,0.7996300458908081,0.6403314109875582
1723,0.05988685041666031,1.0,0.8027383089065552,0.7986752986907959,0.48964862636029405
1724,0.06101971119642258,1.0,0.8052738308906555,0.7970642447471619,0.9690139544690572
1725,0.05095604062080383,1.0,0.8027383089065552,0.7979592680931091,0.4195401374675911
1726,0.05731639266014099,1.0,0.8017241358757019,0.7993913292884827,0.7795185770653994
1727,0.040740806609392166,1.0,0.7986814975738525,0.7982576489448547,0.7013008446484768
1728,0.05755634605884552,1.0,0.8012170195579529,0.7997493743896484,0.7040480701251655
1729,0.042400799691677094,1.0,0.8067951202392578,0.802434504032135,0.42878397481574426
1730,0.03845980390906334,1.0,0.8067951202392578,0.8003460764884949,0.4667132587882045
1731,0.04468971863389015,1.0,0.8062880039215088,0.8014797568321228,0.371179063134619
1732,0.04528234526515007,1.0,0.8073022365570068,0.8009427785873413,0.5091634148108167
1733,0.0564589723944664,1.0,0.8042595982551575,0.7964675426483154,0.7842219370525997
1734,0.053065478801727295,1.0,0.7951318025588989,0.7903215885162354,0.8792872127812842
1735,0.0491209477186203,1.0,0.7936105132102966,0.7868607640266418,0.4935485177790843
1736,0.08360651135444641,1.0,0.796653151512146,0.7915746569633484,0.953296629462001
1737,0.04604919254779816,1.0,0.8042595982551575,0.7933050990104675,0.44689808145874427
1738,0.05345334857702255,1.0,0.8032454252243042,0.7964675426483154,0.40953533741979
1739,0.04807319492101669,1.0,0.8037525415420532,0.7990930080413818,0.41209364815740235
1740,0.04421483352780342,1.0,0.7936105132102966,0.7962288856506348,0.5060746281915669
1741,0.05205560475587845,1.0,0.7910750508308411,0.7944387793540955,0.7899936777313633
1742,0.060459211468696594,1.0,0.7941176295280457,0.7959305047988892,0.5949336817854426
1743,0.06213656812906265,1.0,0.795638918876648,0.7966465353965759,0.7751681510657302
1744,0.046324074268341064,1.0,0.796653151512146,0.7959901690483093,0.37701067471583677
1745,0.03309789299964905,1.0,0.7910750508308411,0.7924100160598755,0.8528911142086654
1746,0.04412737116217613,1.0,0.7844827175140381,0.7912763357162476,0.6246636554007928
1747,0.047182969748973846,1.0,0.7824543714523315,0.7918729782104492,0.31759364301088505
1748,0.039012931287288666,1.0,0.7804259657859802,0.7922906875610352,0.5607128434173502
1749,0.043197065591812134,1.0,0.7865111231803894,0.7924100160598755,0.6534702404795738
1750,0.04628290981054306,1.0,0.7839756608009338,0.7919327020645142,0.5207659554725174
1751,0.04126431420445442,1.0,0.7799188494682312,0.7839369773864746,0.858340036459816
1752,0.047590818256139755,1.0,0.7702839374542236,0.7712870240211487,0.8162130772029326
1753,0.06065303087234497,1.0,0.7763691544532776,0.7757622599601746,0.8588236411992607
1754,0.06092694401741028,1.0,0.7814401388168335,0.7868010997772217,0.6545228082870801
1755,0.08239218592643738,1.0,0.7824543714523315,0.777612030506134,1.774769451572246
1756,0.05025278404355049,1.0,0.7794117331504822,0.7780893445014954,0.6478135194385614
1757,0.06639516353607178,1.0,0.7839756608009338,0.7804761528968811,0.681486723897487
1758,0.06511934101581573,1.0,0.7880324125289917,0.7937824130058289,0.9806043394253319
1759,0.07819291949272156,1.0,0.7890466451644897,0.795870840549469,0.7353502682820546
1760,0.0627712830901146,1.0,0.7910750508308411,0.7963482141494751,0.5583750228932102
1761,0.05314745754003525,1.0,0.7925963401794434,0.7961095571517944,0.501627120647041
1762,0.049146804958581924,1.0,0.7925963401794434,0.795512855052948,0.5681507748732786
1763,0.07801251113414764,1.0,0.796653151512146,0.7924100160598755,0.9633367701767674
1764,0.08022407442331314,1.0,0.790567934513092,0.7912763357162476,0.662961757063383
1765,0.0669669434428215,1.0,0.7941176295280457,0.7937824130058289,0.7161152012269928
1766,0.04824107140302658,1.0,0.796653151512146,0.7924100160598755,0.5423637539212596
1767,0.052341777831315994,1.0,0.7931034564971924,0.7888298630714417,0.6836579803962238
1768,0.04471961781382561,1.0,0.7925963401794434,0.7862043976783752,0.5350073960956326
1769,0.06085205078125,1.0,0.7915821075439453,0.7887701988220215,0.8093889085912714
1770,0.04229128360748291,1.0,0.7941176295280457,0.7890685200691223,0.290941813003767
1771,0.03934090584516525,1.0,0.7915821075439453,0.7898442149162292,0.359952316178349
1772,0.039169784635305405,1.0,0.7890466451644897,0.7879348397254944,0.5285108683488362
1773,0.04651492461562157,1.0,0.7951318025588989,0.7844143509864807,0.7570350121788164
1774,0.03363136947154999,1.0,0.7844827175140381,0.7771943211555481,0.34355572672491524
1775,0.05039636790752411,1.0,0.7824543714523315,0.7772539854049683,0.5612917378650292
1776,0.04678947478532791,1.0,0.7773833274841309,0.7803568243980408,0.6772185691988939
1777,0.05195370689034462,1.0,0.7844827175140381,0.7873978018760681,0.8999443633613498
1778,0.0526847317814827,1.0,0.7839756608009338,0.7866817712783813,0.8025695276725164
1779,0.02996223233640194,1.0,0.7834685444831848,0.7819082140922546,0.9632549531302272
1780,0.053907360881567,1.0,0.7819472551345825,0.7781490087509155,0.6239238582889769
1781,0.05590897053480148,1.0,0.7819472551345825,0.7814905047416687,0.9345671611326548
1782,0.023639459162950516,1.0,0.7870182394981384,0.7870397567749023,0.30728408275843766
1783,0.04209740087389946,1.0,0.796653151512146,0.7935437560081482,0.43808101457412163
1784,0.045191001147031784,1.0,0.7981744408607483,0.7948564887046814,0.7764356569928305
1785,0.047229960560798645,1.0,0.7991886138916016,0.7941404581069946,0.9769818268005785
1786,0.03853720799088478,1.0,0.7925963401794434,0.7977802753448486,0.8678742243173119
1787,0.05980224907398224,1.0,0.7915821075439453,0.7959901690483093,0.7780653825529474
1788,0.04174184799194336,1.0,0.795638918876648,0.7953338027000427,0.6564762281146655
1789,0.04186549037694931,1.0,0.795638918876648,0.793842077255249,0.492189062309618
1790,0.044247500598430634,1.0,0.7941176295280457,0.7927083969116211,0.8320175779717092
1791,0.041950348764657974,1.0,0.7890466451644897,0.7911569476127625,0.8134700267034735
1792,0.041170883923769,1.0,0.7941176295280457,0.7896055579185486,0.5671542209241277
1793,0.04370895400643349,1.0,0.796146035194397,0.7930663824081421,0.8159650546260026
1794,0.051028911024332047,1.0,0.8007099032402039,0.7950951457023621,0.61974953495786
1795,0.07007943093776703,1.0,0.8012170195579529,0.8011217713356018,0.7605449177459351
1796,0.0593278668820858,1.0,0.8057808876037598,0.799152672290802,0.7803752223181818
1797,0.05991377308964729,1.0,0.8022311925888062,0.7955725193023682,1.0367992676989972
1798,0.07045430690050125,1.0,0.7991886138916016,0.7945581078529358,0.8956495357159335
1799,0.05457717925310135,1.0,0.7981744408607483,0.7892475724220276,0.8511893183228929
1800,0.04753674939274788,1.0,0.7946247458457947,0.7841756343841553,0.7250281874315258
1801,0.04487017169594765,1.0,0.7941176295280457,0.7859060764312744,0.6922119022858894
1802,0.0702807605266571,1.0,0.796146035194397,0.7868607640266418,0.8404777592393627
1803,0.03777004033327103,1.0,0.7895537614822388,0.783638596534729,0.8440923283890034
1804,0.0626865103840828,1.0,0.7824543714523315,0.7789247632026672,0.8637608930335656
1805,0.04358453303575516,1.0,0.7799188494682312,0.7780296802520752,0.7799836516253101
1806,0.06641219556331635,1.0,0.7915821075439453,0.7862043976783752,0.9150178859237588
1807,0.07127084583044052,1.0,0.796146035194397,0.7913956642150879,0.9638046456880608
1808,0.06824600696563721,1.0,0.795638918876648,0.7931857109069824,0.610394551372569
1809,0.05762789025902748,1.0,0.7951318025588989,0.7894862294197083,0.8365996854886575
1810,0.054903846234083176,1.0,0.796146035194397,0.7912763357162476,0.8102809348233091
1811,0.057575520128011703,1.0,0.8032454252243042,0.7947968244552612,0.7699771810183506
1812,0.05035711079835892,1.0,0.7976673245429993,0.792231023311615,0.7226448834697196
1813,0.044529858976602554,1.0,0.7890466451644897,0.7908586263656616,0.7158825494791832
1814,0.07294124364852905,1.0,0.7895537614822388,0.7907989621162415,1.21652672800619
1815,0.03576372563838959,1.0,0.7753549218177795,0.7817292213439941,0.4026402602053654
1816,0.059908296912908554,1.0,0.7712981700897217,0.783280611038208,0.7048315110514601
1817,0.044478196650743484,1.0,0.7854969501495361,0.7890685200691223,0.5250531662662142
1818,0.04346701130270958,1.0,0.7885395288467407,0.7930067181587219,0.41015668936669397
1819,0.06960619986057281,1.0,0.7849898338317871,0.7875767946243286,0.795743040087194
1820,0.05348082631826401,1.0,0.7804259657859802,0.7823259234428406,0.9734441167598821
1821,0.05701519921422005,1.0,0.7758620381355286,0.7780296802520752,0.7901071523386517
1822,0.07711715251207352,1.0,0.7849898338317871,0.7817292213439941,0.867349088742986
1823,0.042643532156944275,1.0,0.7789046764373779,0.7825645804405212,0.6367776938684656
1824,0.0823710635304451,1.0,0.7839756608009338,0.7823259234428406,1.3188140751895678
1825,0.06527405232191086,1.0,0.7931034564971924,0.7845933437347412,0.9173203991739013
1826,0.050976864993572235,1.0,0.7976673245429993,0.7924100160598755,0.4992896177056073
1827,0.05037856847047806,1.0,0.8098376989364624,0.8058953285217285,0.8225771479393768
1828,0.06253870576620102,1.0,0.813387393951416,0.8092368245124817,0.8814499356621
1829,0.07605108618736267,1.0,0.81947261095047,0.8058953285217285,1.073496972218724
1830,0.05970519036054611,1.0,0.8108519315719604,0.8016588091850281,0.7309629508292744
1831,0.04065018147230148,1.0,0.7991886138916016,0.7953935265541077,0.4084744720971375
1832,0.0775628536939621,1.0,0.796653151512146,0.7935437560081482,0.9046355694702791
1833,0.07493235915899277,1.0,0.7946247458457947,0.7924696803092957,0.7495355829923094
1834,0.056606393307447433,1.0,0.790060818195343,0.7950951457023621,0.3992066138879368
1835,0.03829196095466614,1.0,0.7920892238616943,0.7941404581069946,0.4358472797417863
1836,0.05643349885940552,1.0,0.7890466451644897,0.7917536497116089,0.45627541318773246
1837,0.07083649188280106,1.0,0.7834685444831848,0.7872188091278076,0.6001144765214111
1838,0.05382055789232254,1.0,0.7778904438018799,0.7810131907463074,0.7357206851611607
1839,0.05768878385424614,1.0,0.7758620381355286,0.7784473896026611,0.7801549621566343
1840,0.0561055913567543,1.0,0.7783975601196289,0.7852497100830078,1.4126313919885405
1841,0.04895578697323799,1.0,0.7834685444831848,0.7901425957679749,0.7231118541278476
1842,0.03599586337804794,1.0,0.790060818195343,0.7944387793540955,0.5281373651991395
1843,0.03645888715982437,1.0,0.790567934513092,0.7964078783988953,0.4356254143324491
1844,0.043785277754068375,1.0,0.7915821075439453,0.7970045804977417,0.42326488341998436
1845,0.05069461092352867,1.0,0.7971602082252502,0.7990930080413818,0.7316213806834561
1846,0.06362219154834747,1.0,0.795638918876648,0.7973029017448425,0.8936390697157505
1847,0.051764197647571564,1.0,0.7931034564971924,0.7978399395942688,0.7495385916145129
1848,0.058862727135419846,1.0,0.795638918876648,0.7985559701919556,0.5491609342471648
1849,0.043871235102415085,1.0,0.8002028465270996,0.7990333437919617,0.6026707251783381
1850,0.05988714098930359,1.0,0.8012170195579529,0.7941404581069946,0.7165112957383504
1851,0.046713244169950485,1.0,0.790060818195343,0.7907989621162415,0.6307269007029446
1852,0.03833754360675812,0.998985767364502,0.7895537614822388,0.7854287028312683,0.2711543037393061
1853,0.07482371479272842,0.998985767364502,0.790060818195343,0.7890088558197021,1.1079670718058205
1854,0.05421644076704979,1.0,0.7931034564971924,0.7914553284645081,0.6409238013815887
1855,0.05722125619649887,1.0,0.7895537614822388,0.7888895273208618,0.5932507334999982
1856,0.049593642354011536,1.0,0.7839756608009338,0.7825645804405212,0.5465649145710947
1857,0.050488200038671494,1.0,0.7854969501495361,0.7778506875038147,0.49204719008417275
1858,0.05395463481545448,1.0,0.790060818195343,0.7825049161911011,0.6488631837953155
1859,0.04382183030247688,1.0,0.7931034564971924,0.7907392978668213,0.541969244300604
1860,0.041865646839141846,1.0,0.7880324125289917,0.7923503518104553,0.49845817423521444
1861,0.035434696823358536,1.0,0.7860040664672852,0.7927083969116211,0.6503839881768846
1862,0.030195822939276695,1.0,0.7870182394981384,0.7922906875610352,0.39282725648325056
1863,0.030743638053536415,1.0,0.7854969501495361,0.792589008808136,0.4878583695189032
1864,0.05528131499886513,1.0,0.7839756608009338,0.7924696803092957,0.5008807164406043
1865,0.04417262226343155,1.0,0.7849898338317871,0.7933050990104675,0.717243124091189
1866,0.037722598761320114,1.0,0.7860040664672852,0.7957515120506287,0.48489705256532983
1867,0.04304974898695946,1.0,0.7885395288467407,0.7964675426483154,0.6016284608821916
1868,0.042627740651369095,1.0,0.7915821075439453,0.7954531908035278,0.6035940331352513
1869,0.04609215259552002,1.0,0.7890466451644897,0.7928277254104614,0.9288265661713226
1870,0.05667289346456528,1.0,0.7860040664672852,0.7907989621162415,0.43577356860387045
1871,0.041019804775714874,1.0,0.7783975601196289,0.7876364588737488,0.4914290274547807
1872,0.030503999441862106,1.0,0.7748478651046753,0.7862640619277954,0.4717686935622788
1873,0.04910838231444359,1.0,0.7783975601196289,0.7886508703231812,0.7650965481398293
1874,0.03375096991658211,1.0,0.790060818195343,0.7913956642150879,0.5263337071752798
1875,0.058214593678712845,1.0,0.795638918876648,0.7943791151046753,0.6412344846791316
1876,0.04468614608049393,1.0,0.7875253558158875,0.7937227487564087,1.4274918140118957
1877,0.04853660613298416,1.0,0.7870182394981384,0.7936630845069885,0.6872323285769785
1878,0.059769365936517715,1.0,0.7895537614822388,0.7970045804977417,0.7554713191259057
1879,0.05267861858010292,1.0,0.7910750508308411,0.8020764589309692,0.49951917936193374
1880,0.06207974627614021,1.0,0.7941176295280457,0.8033295273780823,0.5393655421843552
1881,0.05973201245069504,1.0,0.8027383089065552,0.8039262294769287,0.7521692927028703
1882,0.04802580922842026,1.0,0.8007099032402039,0.7986156344413757,0.6598748024116784
1883,0.05134677514433861,1.0,0.8047667145729065,0.7956918478012085,0.6191709569690748
1884,0.09379921108484268,1.0,0.8022311925888062,0.7921116948127747,0.6188194087889763
1885,0.04369143024086952,1.0,0.7941176295280457,0.7909182906150818,0.46966593399132495
1886,0.04191741719841957,1.0,0.7936105132102966,0.7895458936691284,0.6104025554882039
1887,0.03682761266827583,1.0,0.7986814975738525,0.7915149927139282,0.6859849420754761
1888,0.05445177108049393,1.0,0.7971602082252502,0.7913956642150879,0.5783317436750706
1889,0.08197179436683655,1.0,0.795638918876648,0.7931260466575623,0.7902853609374786
1890,0.05539049208164215,1.0,0.7925963401794434,0.7873978018760681,0.7128730591008502
1891,0.04790865257382393,1.0,0.7875253558158875,0.7786860466003418,0.5030791314952153
1892,0.04951891675591469,1.0,0.7839756608009338,0.781251847743988,0.7212785793517833
1893,0.05366595834493637,1.0,0.7870182394981384,0.7811921834945679,0.7877001438009629
1894,0.0516057088971138,1.0,0.790567934513092,0.785667359828949,0.5103164267509807
1895,0.037244003266096115,1.0,0.7920892238616943,0.7894265651702881,0.3933868901968424
1896,0.04285893589258194,1.0,0.790567934513092,0.7921713590621948,0.6637118312657846
1897,0.06269338726997375,1.0,0.7936105132102966,0.7957515120506287,1.0041758397979892
1898,0.04949309676885605,1.0,0.790567934513092,0.7961095571517944,0.47679780927046184
1899,0.03864409774541855,1.0,0.7880324125289917,0.7953935265541077,0.4137283106912181
1900,0.04688285291194916,1.0,0.7854969501495361,0.7930663824081421,0.46488232583870137
1901,0.052789296954870224,1.0,0.7875253558158875,0.7931260466575623,0.48320064618577846
1902,0.05824502930045128,1.0,0.7885395288467407,0.7976012825965881,0.6537030560959953
1903,0.043037109076976776,1.0,0.7936105132102966,0.7974819540977478,0.35176411318591033
1904,0.06711798161268234,1.0,0.7880324125289917,0.7878751754760742,0.98119861138574
1905,0.05875625088810921,1.0,0.7794117331504822,0.7801181077957153,0.4704123196002169
1906,0.04183172434568405,1.0,0.7794117331504822,0.7772539854049683,0.7584241385823511
1907,0.05410955473780632,1.0,0.7834685444831848,0.7840563058853149,0.5560996620686556
1908,0.058897100389003754,1.0,0.7885395288467407,0.7902619242668152,0.5561297112359547
1909,0.0409419983625412,1.0,0.7910750508308411,0.7925293445587158,0.41343582640316
1910,0.040980685502290726,1.0,0.7915821075439453,0.7949758172035217,0.46140167607627064
1911,0.04579584300518036,1.0,0.7915821075439453,0.7948564887046814,0.5153916749280736
1912,0.038123976439237595,1.0,0.7885395288467407,0.795512855052948,0.44586989464930366
1913,0.051799166947603226,1.0,0.796653151512146,0.7989736795425415,0.5984033318899129
1914,0.038926370441913605,1.0,0.7925963401794434,0.7980785965919495,0.7045589338246497
1915,0.04719037935137749,1.0,0.7941176295280457,0.7943791151046753,0.7323689280013529
1916,0.030201632529497147,1.0,0.7890466451644897,0.790977954864502,0.2956183768835909
1917,0.027992872521281242,1.0,0.7895537614822388,0.7900829315185547,0.28593993518212674
1918,0.03843403980135918,1.0,0.7946247458457947,0.7891281843185425,0.515312306059501
1919,0.036428261548280716,1.0,0.7895537614822388,0.788949191570282,0.5640697445968527
1920,0.039416756480932236,1.0,0.7895537614822388,0.790619969367981,0.3258450235462028
1921,0.0312969796359539,1.0,0.7910750508308411,0.790619969367981,0.5383538402821164
1922,0.040599290281534195,1.0,0.7880324125289917,0.7896652221679688,0.4602356486155338
1923,0.0351034514605999,1.0,0.7870182394981384,0.7868607640266418,0.3821573844602293
1924,0.04206704720854759,1.0,0.7854969501495361,0.783698320388794,0.5240678595281762
1925,0.03433581441640854,1.0,0.7834685444831848,0.7840563058853149,0.7466739796144545
1926,0.02769644744694233,1.0,0.790060818195343,0.7891281843185425,0.479332389368313
1927,0.034739524126052856,1.0,0.7875253558158875,0.7899039387702942,0.5868797146221063
1928,0.026009604334831238,1.0,0.7910750508308411,0.7905005812644958,0.7494636587042515
1929,0.03901109844446182,1.0,0.7936105132102966,0.788173496723175,0.6116744319251
1930,0.03934707120060921,1.0,0.7951318025588989,0.7913956642150879,0.8940875639794701
1931,0.04828570410609245,1.0,0.7951318025588989,0.7943194508552551,0.7291516869737246
1932,0.06099348142743111,1.0,0.7986814975738525,0.7979592680931091,0.8002127269564349
1933,0.037376221269369125,1.0,0.8027383089065552,0.7987349629402161,0.48454112831935775
1934,0.03486815094947815,1.0,0.8017241358757019,0.8004654049873352,0.5374374162172137
1935,0.052483540028333664,1.0,0.8022311925888062,0.8034488558769226,0.6813779495370009
1936,0.047642167657613754,1.0,0.8042595982551575,0.8028521537780762,0.7898845582404602
1937,0.05068131163716316,1.0,0.8022311925888062,0.798794686794281,0.6548301726342616
1938,0.06040479242801666,1.0,0.7936105132102966,0.7944984436035156,0.4966688655209437
1939,0.05383271351456642,1.0,0.7951318025588989,0.7918729782104492,0.5491339350400236
1940,0.07502975314855576,1.0,0.7941176295280457,0.7936630845069885,0.4580615816375552
1941,0.06561166793107986,1.0,0.7875253558158875,0.7964078783988953,0.7615834504708489
1942,0.062297627329826355,1.0,0.7925963401794434,0.7970642447471619,0.6837783684051294
1943,0.060821402817964554,1.0,0.790567934513092,0.7964078783988953,0.7275065133155111
1944,0.0469045415520668,1.0,0.7895537614822388,0.7918729782104492,0.6950636011292896
1945,0.052880577743053436,1.0,0.790060818195343,0.791813313961029,0.5390585495716146
1946,0.059171538800001144,1.0,0.7946247458457947,0.7943791151046753,0.4206196822414096
1947,0.06875558942556381,1.0,0.7915821075439453,0.7932453751564026,0.9603621778781368
1948,0.06641814112663269,1.0,0.795638918876648,0.7953935265541077,0.5294626489442491
1949,0.04367498680949211,1.0,0.7946247458457947,0.7930067181587219,0.4849493699675629
1950,0.045708198100328445,1.0,0.7854969501495361,0.7867414355278015,0.4646493801718529
1951,0.04104017838835716,1.0,0.7758620381355286,0.7773136496543884,0.43683729094676294
1952,0.05743798986077309,1.0,0.7682555317878723,0.7709887027740479,0.5779725093890316
1953,0.05695342272520065,1.0,0.7652129530906677,0.7686019539833069,0.6527019442558377
1954,0.06142314150929451,1.0,0.7677484750747681,0.7714064121246338,0.6540494253048652
1955,0.052926238626241684,1.0,0.7702839374542236,0.7694969773292542,0.7249669548846626
1956,0.05957312136888504,1.0,0.7748478651046753,0.7729578018188477,0.5810071457872903
1957,0.047340381890535355,1.0,0.7824543714523315,0.7747478485107422,0.5488503905554362
1958,0.06712576746940613,1.0,0.7925963401794434,0.7842352986335754,0.9206176340092341
1959,0.04904835298657417,1.0,0.7946247458457947,0.7931857109069824,0.4973563937251259
1960,0.04944927245378494,1.0,0.7991886138916016,0.7943194508552551,0.7481827435438272
1961,0.033421482890844345,1.0,0.7946247458457947,0.790977954864502,0.8510324316280277
1962,0.03678520396351814,1.0,0.7925963401794434,0.785667359828949,0.6389650415579877
1963,0.05805647373199463,1.0,0.7931034564971924,0.7850707173347473,0.5032175144738141
1964,0.05166880413889885,1.0,0.7925963401794434,0.7893669009208679,0.5365840680089413
1965,0.03233969584107399,1.0,0.796146035194397,0.7927083969116211,0.6101322897574991
1966,0.04304985702037811,1.0,0.7986814975738525,0.7992123365402222,0.5002000176226912
1967,0.040829773992300034,1.0,0.8012170195579529,0.8043439388275146,0.6775890815613297
1968,0.04518856480717659,1.0,0.7981744408607483,0.8035681843757629,0.6828482241301509
1969,0.03367974981665611,1.0,0.796653151512146,0.7961692214012146,0.5953175733106248
1970,0.04088154435157776,1.0,0.7880324125289917,0.7892475724220276,0.6136428326533198
1971,0.03352958709001541,1.0,0.7854969501495361,0.7851900458335876,0.6340306160239524
1972,0.04295605421066284,1.0,0.7875253558158875,0.7828032374382019,0.6834728144130435
1973,0.053759414702653885,1.0,0.7849898338317871,0.7840563058853149,0.5581581751036214
1974,0.04450888931751251,1.0,0.7809330224990845,0.7840563058853149,0.6361028953613934
1975,0.03657031059265137,1.0,0.7849898338317871,0.7842352986335754,0.6804001307612428
1976,0.05170099809765816,1.0,0.7799188494682312,0.776716947555542,0.7856091722098905
1977,0.054357510060071945,1.0,0.7753549218177795,0.7713467478752136,0.6581329827238833
1978,0.068675197660923,1.0,0.7865111231803894,0.7866817712783813,0.8603987880536412
1979,0.05627753213047981,1.0,0.7920892238616943,0.7870397567749023,0.7981960401341543
1980,0.08772431313991547,1.0,0.7925963401794434,0.7899636030197144,1.2841560127361369
1981,0.046466898173093796,1.0,0.7870182394981384,0.7788053750991821,0.6406153482680093
1982,0.0668347179889679,1.0,0.7809330224990845,0.7715257406234741,0.5084764825388082
1983,0.07451783120632172,1.0,0.7860040664672852,0.7757025957107544,0.9218134731832437
1984,0.043310344219207764,1.0,0.7834685444831848,0.7783280611038208,0.42869442049206075
1985,0.05782121792435646,1.0,0.7814401388168335,0.7799391150474548,0.5667251563681331
1986,0.049225639551877975,1.0,0.7789046764373779,0.7797601222991943,0.48336873824226534
1987,0.05922657996416092,1.0,0.7789046764373779,0.7805954813957214,1.1488332524462042
1988,0.05374639853835106,1.0,0.7763691544532776,0.7776716947555542,0.7488093913540366
1989,0.05738341435790062,1.0,0.7783975601196289,0.778745710849762,0.9087983264166292
1990,0.04924318939447403,1.0,0.7829614281654358,0.783280611038208,0.5593380523256184
1991,0.05696514621376991,1.0,0.7870182394981384,0.7857867479324341,0.4001179898400509
1992,0.030422426760196686,1.0,0.7844827175140381,0.7882331609725952,0.4876370632130512
1993,0.05406104400753975,1.0,0.7814401388168335,0.7896055579185486,0.5422284501908431
1994,0.055166225880384445,1.0,0.7865111231803894,0.7903215885162354,0.4947036446552218
1995,0.04586530104279518,1.0,0.7910750508308411,0.7939614057540894,0.8525756583082224
1996,0.03628971055150032,1.0,0.7910750508308411,0.7953935265541077,0.5396878667584518
1997,0.040320608764886856,1.0,0.7860040664672852,0.7922906875610352,0.4248890158014696
1998,0.06003572419285774,1.0,0.7910750508308411,0.7932453751564026,0.7654770033047801
1999,0.042095378041267395,1.0,0.790060818195343,0.7957515120506287,0.6015299998648858
2000,0.05374707281589508,1.0,0.7951318025588989,0.7954531908035278,0.9065343755320981
2001,0.03159240260720253,1.0,0.7865111231803894,0.7846530079841614,0.6174666277016138
2002,0.042321112006902695,1.0,0.7768762707710266,0.7766572833061218,0.44094451997160994
2003,0.05040161311626434,1.0,0.7814401388168335,0.7766572833061218,0.6081571318636608
2004,0.06281259655952454,1.0,0.7844827175140381,0.7847723364830017,1.1229527918879136
2005,0.05760640278458595,1.0,0.7854969501495361,0.7851303815841675,1.1909416009644658
2006,0.06601238250732422,1.0,0.7870182394981384,0.784533679485321,0.7364201659829771
2007,0.05367735028266907,1.0,0.7885395288467407,0.7851303815841675,0.9401064769167863
2008,0.04929407685995102,1.0,0.7931034564971924,0.786562442779541,0.6223998106804574
2009,0.04901738092303276,0.998985767364502,0.7946247458457947,0.7866221070289612,0.6963869204220169
2010,0.05764799565076828,0.998985767364502,0.7996957302093506,0.7882331609725952,0.7267897386343469
2011,0.0676724836230278,0.998985767364502,0.7996957302093506,0.7874574661254883,0.5573256583246788
2012,0.041295796632766724,1.0,0.7981744408607483,0.7873978018760681,0.5622461755248382
2013,0.05685877054929733,1.0,0.7971602082252502,0.7898442149162292,0.7034005669736025
2014,0.035268478095531464,1.0,0.795638918876648,0.7928277254104614,0.383396417044484
2015,0.051935479044914246,1.0,0.7941176295280457,0.7947371602058411,0.43285931661694704
2016,0.03932078555226326,1.0,0.7941176295280457,0.7930067181587219,0.9054876058314799
2017,0.060095999389886856,1.0,0.7981744408607483,0.7943791151046753,1.3412508094040811
2018,0.05607857182621956,1.0,0.7920892238616943,0.7945581078529358,1.4848840704795974
2019,0.06511438637971878,1.0,0.7941176295280457,0.7960498929023743,1.1625779222669705
2020,0.077202208340168,1.0,0.8067951202392578,0.7994509935379028,1.3584786177330241
2021,0.04770450294017792,1.0,0.7981744408607483,0.7966465353965759,0.6273893517979756
2022,0.05316371098160744,1.0,0.7941176295280457,0.7897845506668091,0.6351196067148638
2023,0.052942074835300446,1.0,0.7946247458457947,0.7868607640266418,0.49662804092627133
2024,0.05606094375252724,1.0,0.8017241358757019,0.793842077255249,0.7526362066914424
2025,0.0592174157500267,1.0,0.7991886138916016,0.7939614057540894,0.6133018080377285
2026,0.08255453407764435,1.0,0.7991886138916016,0.7964675426483154,0.8358803405337611
2027,0.043300386518239975,1.0,0.7920892238616943,0.7955725193023682,0.5832112946848037
2028,0.05766308307647705,1.0,0.7941176295280457,0.7971835732460022,1.082698883551676
2029,0.0891275480389595,1.0,0.8002028465270996,0.8048809170722961,1.0138324631745812
2030,0.07642511278390884,1.0,0.8067951202392578,0.8084611296653748,1.0819873026530296
2031,0.055295925587415695,1.0,0.7986814975738525,0.8054776191711426,0.5240978819698642
2032,0.07523877173662186,1.0,0.8037525415420532,0.8047019243240356,0.6792350481706219
2033,0.048097170889377594,1.0,0.7986814975738525,0.8030312061309814,0.6480617656615306
2034,0.07100021839141846,1.0,0.8007099032402039,0.7989140152931213,0.8657644965103298
2035,0.045937154442071915,1.0,0.8002028465270996,0.7986752986907959,0.5327730247108313
2036,0.0639292299747467,1.0,0.7986814975738525,0.7973625659942627,0.9376288297272293
2037,0.0496206134557724,1.0,0.7920892238616943,0.7914553284645081,0.465782000324715
2038,0.06410612165927887,1.0,0.7870182394981384,0.7863833904266357,0.3813566801545641
2039,0.05936839058995247,1.0,0.7885395288467407,0.7874574661254883,0.8787895113715889
2040,0.05771506950259209,1.0,0.790060818195343,0.7856076955795288,0.46698632687321984
2041,0.05559355765581131,1.0,0.7854969501495361,0.7845933437347412,0.487591556645643
2042,0.058882229030132294,1.0,0.7860040664672852,0.7842949628829956,0.6078002686625116
2043,0.0565434955060482,1.0,0.7925963401794434,0.7879945039749146,0.8939248381590965
2044,0.051627494394779205,1.0,0.7931034564971924,0.7933647632598877,0.6781822524638844
2045,0.06054242327809334,1.0,0.7910750508308411,0.7949161529541016,0.9219881817595551
2046,0.05848782882094383,1.0,0.7936105132102966,0.7970045804977417,0.5857070112448589
2047,0.06024869158864021,1.0,0.795638918876648,0.7970045804977417,1.0732344029590641
2048,0.05942628160119057,1.0,0.7951318025588989,0.7944984436035156,0.2714439305039087
2049,0.0634327232837677,1.0,0.7844827175140381,0.7934244275093079,0.5266672183819808
2050,0.05552937090396881,1.0,0.7936105132102966,0.7990333437919617,0.5973707185714242
2051,0.060333047062158585,1.0,0.7991886138916016,0.7987349629402161,0.6704279011411071
2052,0.038455531001091,1.0,0.7976673245429993,0.7983173131942749,0.42493092309256986
2053,0.05818464234471321,1.0,0.7910750508308411,0.7923503518104553,0.9423438901584964
2054,0.07093057036399841,1.0,0.7946247458457947,0.793842077255249,0.5394096440336781
2055,0.034815479069948196,1.0,0.7971602082252502,0.7981383204460144,0.3795769054936979
2056,0.05168125405907631,1.0,0.8017241358757019,0.8020764589309692,0.6555139321808766
2057,0.05261514335870743,1.0,0.8037525415420532,0.7996300458908081,0.8585235342440216
2058,0.06118853762745857,1.0,0.8047667145729065,0.8006443977355957,0.9729845954687009
2059,0.05147342011332512,1.0,0.8067951202392578,0.7986752986907959,0.6532360931341058
2060,0.05591566115617752,1.0,0.8047667145729065,0.801181435585022,0.482872881696211
2061,0.054757826030254364,1.0,0.8032454252243042,0.8007040619850159,0.5311469380011362
2062,0.039649344980716705,1.0,0.8032454252243042,0.8010621070861816,0.7580511994368639
2063,0.0642663836479187,1.0,0.8027383089065552,0.797899603843689,0.5376932825500991
2064,0.06743339449167252,1.0,0.7971602082252502,0.794259786605835,0.6102892656675805
2065,0.05334456264972687,1.0,0.790060818195343,0.7940211296081543,0.6501153582377277
2066,0.04700416326522827,1.0,0.790060818195343,0.7966465353965759,0.7679499761543028
2067,0.0412268303334713,1.0,0.7936105132102966,0.7999283671379089,0.6086791844051792
2068,0.06412945687770844,1.0,0.7880324125289917,0.7974222898483276,0.8841130738561203
2069,0.05432264879345894,1.0,0.7875253558158875,0.7928873896598816,0.7826957270548859
2070,0.07791483402252197,0.998985767364502,0.7854969501495361,0.7959305047988892,0.7564886781398584
2071,0.04891851544380188,1.0,0.7890466451644897,0.7973625659942627,0.7910640175794181
2072,0.049944132566452026,1.0,0.7951318025588989,0.7961692214012146,0.5592196560067211
2073,0.04274226725101471,1.0,0.796146035194397,0.7954531908035278,0.7734849594031714
2074,0.06016681715846062,1.0,0.8042595982551575,0.7979592680931091,0.7652159412556347
2075,0.04231768846511841,1.0,0.7981744408607483,0.7989140152931213,0.5298538423544569
2076,0.05626843497157097,1.0,0.7991886138916016,0.7993316650390625,0.5690661250983824
2077,0.08096452802419662,1.0,0.7931034564971924,0.7983173131942749,0.5905988615401595
2078,0.043593596667051315,1.0,0.7941176295280457,0.8021361231803894,0.8636213794572111
2079,0.07062076777219772,1.0,0.7946247458457947,0.8039262294769287,0.5614365136383316
2080,0.037973400205373764,1.0,0.7976673245429993,0.8051196336746216,0.29435471378412725
2081,0.07065953314304352,1.0,0.796653151512146,0.8050599694252014,0.7925459094277634
2082,0.07219169288873672,1.0,0.7986814975738525,0.8052389621734619,0.8109161698618697
2083,0.046589452773332596,1.0,0.7976673245429993,0.8054179549217224,0.661593150634416
2084,0.048166967928409576,1.0,0.795638918876648,0.8066710233688354,0.4247206627265702
2085,0.03835362195968628,1.0,0.796653151512146,0.8045825958251953,0.32318771184432277
2086,0.04444100335240364,1.0,0.795638918876648,0.8055372834205627,0.5286685620963674
2087,0.06509458273649216,1.0,0.8007099032402039,0.8069096803665161,0.5829758626363832
2088,0.05750778317451477,1.0,0.796653151512146,0.8014797568321228,0.47266800324097247
2089,0.05192507803440094,1.0,0.7854969501495361,0.7950354814529419,0.5572162217925981
2090,0.046857159584760666,1.0,0.7824543714523315,0.793484091758728,0.6252908603736312
2091,0.06353764235973358,1.0,0.7880324125289917,0.7923503518104553,0.6971090062628408
2092,0.05136387050151825,1.0,0.7880324125289917,0.7911569476127625,0.7292858955281845
2093,0.054062098264694214,1.0,0.7839756608009338,0.7884121537208557,0.5249867293883619
2094,0.04927372559905052,1.0,0.7799188494682312,0.788173496723175,0.7139587925527672
2095,0.049490220844745636,1.0,0.7773833274841309,0.787696123123169,0.6050408582751036
2096,0.04047130048274994,1.0,0.7778904438018799,0.7879945039749146,0.42173955717155664
2097,0.05188377946615219,1.0,0.7799188494682312,0.7890685200691223,0.48033419627914686
2098,0.04722312092781067,1.0,0.7834685444831848,0.7897248864173889,0.42823393309365515
2099,0.03842705115675926,1.0,0.7849898338317871,0.7905603051185608,0.32540917956570053
2100,0.04512205719947815,1.0,0.7854969501495361,0.7940807938575745,0.46583942139929624
2101,0.05274035036563873,1.0,0.7839756608009338,0.7974819540977478,1.1046389107609806
2102,0.041606321930885315,1.0,0.7895537614822388,0.7995703816413879,0.6880853926059183
2103,0.031003158539533615,0.998985767364502,0.7890466451644897,0.7997493743896484,0.5377298300299432
2104,0.049619171768426895,0.998985767364502,0.7809330224990845,0.7955725193023682,0.5585102764586655
2105,0.04692292585968971,0.998985767364502,0.7763691544532776,0.7977206110954285,0.9173623833552708
2106,0.06842973083257675,0.998985767364502,0.7915821075439453,0.8022555112838745,1.2027182085899324
2107,0.04478421062231064,0.998985767364502,0.790060818195343,0.8000476956367493,0.6808571268181638
2108,0.05960093066096306,0.998985767364502,0.7915821075439453,0.7995107173919678,0.7924091194760893
2109,0.0712265893816948,0.998985767364502,0.7829614281654358,0.7945581078529358,0.7734280890386643
2110,0.06686194986104965,0.998985767364502,0.7799188494682312,0.7900232672691345,0.5195621596557549
2111,0.07185190171003342,0.998985767364502,0.7860040664672852,0.795512855052948,1.2661077101558937
2112,0.05377999320626259,0.998985767364502,0.7951318025588989,0.8010621070861816,0.534553608700041
2113,0.042182642966508865,0.998985767364502,0.8007099032402039,0.8069693446159363,0.5682155553974926
2114,0.0499265231192112,0.998985767364502,0.8037525415420532,0.8089384436607361,0.6110701548425354
2115,0.05048678442835808,1.0,0.7976673245429993,0.8058356642723083,0.46945205812278734
2116,0.07334579527378082,1.0,0.7996957302093506,0.806074321269989,1.295715380744829
2117,0.04194313660264015,1.0,0.7976673245429993,0.8070887327194214,0.6322932946068754
2118,0.06436260789632797,1.0,0.8012170195579529,0.8059549927711487,0.5068083694907904
2119,0.06295358389616013,1.0,0.796146035194397,0.8051196336746216,0.8281301311980817
2120,0.054608333855867386,1.0,0.7870182394981384,0.8001073598861694,0.8837384117176524
2121,0.049812834709882736,1.0,0.7890466451644897,0.794617772102356,0.6353177444818494
2122,0.075935497879982,1.0,0.790567934513092,0.7927680611610413,0.49277536013274703
2123,0.047664232552051544,1.0,0.7951318025588989,0.7993316650390625,0.8956111429287208
2124,0.07376319169998169,1.0,0.7976673245429993,0.8047615885734558,0.7812178281792014
2125,0.06055014207959175,1.0,0.790060818195343,0.8013604283332825,0.5239394859034061
2126,0.06913702189922333,1.0,0.795638918876648,0.8043439388275146,0.7214892595123019
2127,0.047640152275562286,1.0,0.7925963401794434,0.8021361231803894,0.42691936422536875
2128,0.03849072754383087,1.0,0.7951318025588989,0.7995107173919678,0.46916463839827527
2129,0.0595809668302536,1.0,0.7920892238616943,0.8017184734344482,0.47190964186756174
2130,0.047677699476480484,1.0,0.7941176295280457,0.8039262294769287,0.5942902238216761
2131,0.04930296912789345,1.0,0.795638918876648,0.8016588091850281,0.8439102666186368
2132,0.035258639603853226,1.0,0.7941176295280457,0.8008233904838562,0.3391587751916909
2133,0.0388939306139946,1.0,0.7936105132102966,0.8000476956367493,0.6234704364596779
2134,0.03828101232647896,1.0,0.795638918876648,0.7978399395942688,0.40455244255441775
2135,0.032334428280591965,1.0,0.796653151512146,0.7985559701919556,0.4116391052880858
2136,0.05636295676231384,1.0,0.7986814975738525,0.8003460764884949,0.5104371636346671
2137,0.05412757396697998,1.0,0.7976673245429993,0.8051792979240417,0.8733973455647678
2138,0.030556362122297287,1.0,0.795638918876648,0.8021957874298096,0.4951818189901393
2139,0.04491828754544258,1.0,0.7931034564971924,0.802434504032135,0.7505591866514362
2140,0.03573920577764511,1.0,0.7925963401794434,0.7995703816413879,0.6512630598579596
2141,0.03692938759922981,1.0,0.7890466451644897,0.7944984436035156,0.6221325453704655
2142,0.04216834157705307,1.0,0.7799188494682312,0.7884718179702759,0.6848413798651274
2143,0.03994573652744293,1.0,0.7799188494682312,0.790977954864502,0.6228195521703179
2144,0.04146731272339821,1.0,0.7915821075439453,0.7998090386390686,1.2978615286924682
2145,0.056394509971141815,1.0,0.7971602082252502,0.7984963059425354,0.6667553497598818
2146,0.06971835345029831,0.998985767364502,0.7920892238616943,0.7933050990104675,0.7941825376070679
2147,0.06735288351774216,0.998985767364502,0.7931034564971924,0.792589008808136,0.7506904311425544
2148,0.04731588810682297,1.0,0.796653151512146,0.7965272068977356,0.9689108719321115
2149,0.05794999748468399,1.0,0.7986814975738525,0.8003460764884949,0.33019377237580483
2150,0.048131365329027176,1.0,0.7936105132102966,0.794617772102356,0.994794167707542
2151,0.041101980954408646,1.0,0.7875253558158875,0.7901425957679749,0.39417499173113846
2152,0.049235790967941284,1.0,0.7920892238616943,0.7926487326622009,0.693009357524521
2153,0.038949109613895416,1.0,0.7936105132102966,0.7965272068977356,0.7069747725774934
2154,0.06508585810661316,1.0,0.7875253558158875,0.7980189323425293,1.1537385915220613
2155,0.05708226561546326,1.0,0.7854969501495361,0.7976012825965881,0.5621624546354184
2156,0.05151018127799034,1.0,0.7860040664672852,0.7965868711471558,0.7772121145903567
2157,0.047554146498441696,1.0,0.7895537614822388,0.7943791151046753,0.43104148618545984
2158,0.04758446291089058,1.0,0.7875253558158875,0.7937824130058289,0.3768190615912757
2159,0.04409116879105568,1.0,0.7890466451644897,0.7962288856506348,0.5478680127365572
2160,0.057493578642606735,1.0,0.7814401388168335,0.797123908996582,0.9394683002884396
2161,0.04305509477853775,1.0,0.7865111231803894,0.7981383204460144,0.5100561742179258
2162,0.06745237112045288,1.0,0.790567934513092,0.8007040619850159,0.7004185443387105
2163,0.056093644350767136,1.0,0.7941176295280457,0.8027328252792358,0.4816021775308402
2164,0.04873213917016983,1.0,0.7931034564971924,0.8001073598861694,0.5724501788299168
2165,0.04231562465429306,1.0,0.7936105132102966,0.7988543510437012,1.0265980074883816
2166,0.04171091690659523,1.0,0.7920892238616943,0.7984366416931152,0.6712128824007607
2167,0.0374036468565464,1.0,0.795638918876648,0.7981979846954346,0.4519877499090708
2168,0.04450852423906326,0.998985767364502,0.7981744408607483,0.7973029017448425,0.5266737997795508
2169,0.05143265798687935,1.0,0.795638918876648,0.7943194508552551,0.4579714449311055
2170,0.07961329072713852,1.0,0.7941176295280457,0.7914553284645081,0.967206911382995
2171,0.049477968364953995,1.0,0.7936105132102966,0.7910972833633423,0.575468085183576
2172,0.05010930448770523,1.0,0.7941176295280457,0.7936630845069885,0.7917316376799615
2173,0.05605488643050194,1.0,0.7986814975738525,0.7906796336174011,1.0609288727524824
2174,0.04936245083808899,1.0,0.795638918876648,0.7870994210243225,0.4714703790106407
2175,0.05282158404588699,1.0,0.7860040664672852,0.7881138324737549,0.8668428456691545
2176,0.06254515051841736,1.0,0.7920892238616943,0.7927680611610413,0.787619126034612
2177,0.0542219914495945,1.0,0.7976673245429993,0.7952741384506226,0.8023917984069665
2178,0.04450458660721779,1.0,0.7875253558158875,0.7943194508552551,0.3376199289065878
2179,0.03561106696724892,1.0,0.7895537614822388,0.7921116948127747,0.4835219335159567
2180,0.04459459334611893,1.0,0.7829614281654358,0.7879945039749146,0.6800730977780152
2181,0.03694049268960953,1.0,0.7844827175140381,0.7865027785301208,0.3544089835724632
2182,0.06537962704896927,1.0,0.7920892238616943,0.7933647632598877,1.1521808204779103
2183,0.028704307973384857,1.0,0.7951318025588989,0.7996897101402283,0.4481585602015682
2184,0.06056002527475357,1.0,0.7996957302093506,0.8050599694252014,0.6714666084582934
2185,0.053075630217790604,1.0,0.795638918876648,0.8063727021217346,0.7344074376972023
2186,0.04521971568465233,1.0,0.7951318025588989,0.8050599694252014,0.5780586271290806
2187,0.03654680401086807,1.0,0.7946247458457947,0.8042842745780945,0.4945296593365906
2188,0.03705307096242905,1.0,0.7880324125289917,0.8021361231803894,0.47993383728763517
2189,0.0578313022851944,1.0,0.7941176295280457,0.8022555112838745,1.0177920195651098
2190,0.05323110520839691,1.0,0.7875253558158875,0.8023151755332947,0.47378688598559615
2191,0.05014922469854355,1.0,0.7946247458457947,0.8014797568321228,0.7955158369044038
2192,0.05012526735663414,1.0,0.7986814975738525,0.7957515120506287,1.0342555709275945
2193,0.03857294097542763,1.0,0.796146035194397,0.7923503518104553,0.777863203176428
2194,0.03723450005054474,1.0,0.8027383089065552,0.7962288856506348,0.5124918591050192
2195,0.040730006992816925,1.0,0.795638918876648,0.7992720007896423,0.5065083480413799
2196,0.03910714015364647,1.0,0.795638918876648,0.7993913292884827,0.6552116302035721
2197,0.03226391226053238,1.0,0.7946247458457947,0.7998687028884888,0.38372617686606725
2198,0.055038321763277054,1.0,0.7951318025588989,0.8013007640838623,0.5117584519960019
2199,0.06070055440068245,1.0,0.7936105132102966,0.8026134967803955,0.8893637392721006
2200,0.04080830514431,1.0,0.7951318025588989,0.8060146570205688,0.6899757340133885
2201,0.04889814183115959,1.0,0.7936105132102966,0.8028521537780762,0.9407788820372502
2202,0.06464619934558868,1.0,0.7860040664672852,0.7944984436035156,0.8103654365516298
2203,0.07097188383340836,1.0,0.7925963401794434,0.792589008808136,0.8004848278458165
2204,0.04475248232483864,1.0,0.7885395288467407,0.7924696803092957,0.5244673447205582
2205,0.06300300359725952,1.0,0.7890466451644897,0.7955725193023682,0.8153163629419895
2206,0.057367414236068726,1.0,0.7824543714523315,0.7926487326622009,0.9802637527265694
2207,0.05609176307916641,1.0,0.7778904438018799,0.7912763357162476,1.0400456622002925
2208,0.04548247903585434,1.0,0.7794117331504822,0.7907392978668213,0.39150145682033893
2209,0.05618615075945854,1.0,0.7794117331504822,0.7922906875610352,0.45086934064405987
2210,0.04967059567570686,1.0,0.7773833274841309,0.7970045804977417,0.7238969199005454
2211,0.0665413960814476,1.0,0.7829614281654358,0.8019571304321289,0.8342253196381468
2212,0.056959375739097595,1.0,0.790060818195343,0.8053582906723022,0.606656722750011
2213,0.040784746408462524,1.0,0.7936105132102966,0.805716335773468,0.4482342593134487
2214,0.05962088704109192,1.0,0.7981744408607483,0.8021361231803894,0.6390299079713542
2215,0.03336804360151291,1.0,0.7951318025588989,0.7998090386390686,0.41991954817831595
2216,0.06436014920473099,1.0,0.7981744408607483,0.7970045804977417,0.6946214140295038
2217,0.052294980734586716,1.0,0.7931034564971924,0.7984366416931152,0.6361352549817235
2218,0.05531013756990433,1.0,0.7910750508308411,0.7965272068977356,0.572436724712896
2219,0.04410789906978607,1.0,0.7931034564971924,0.796765923500061,0.6895771450860629
2220,0.0437837578356266,1.0,0.7895537614822388,0.7936034202575684,0.9106786558437683
2221,0.042136527597904205,1.0,0.7839756608009338,0.7930067181587219,0.5381070375733928
2222,0.051715292036533356,1.0,0.7829614281654358,0.7954531908035278,0.6819066257475672
2223,0.08557707816362381,1.0,0.790060818195343,0.7927680611610413,0.6387539994692311
2224,0.03603460639715195,1.0,0.790567934513092,0.7913359999656677,0.4349712214178778
2225,0.04263124242424965,1.0,0.7920892238616943,0.7946774959564209,0.4241151215260934
2226,0.046541180461645126,1.0,0.8017241358757019,0.8001670837402344,0.4457081016864526
2227,0.06977254152297974,1.0,0.8012170195579529,0.8058953285217285,0.529160832253074
2228,0.05898180603981018,1.0,0.8012170195579529,0.807745099067688,0.580782001185932
2229,0.054235268384218216,1.0,0.8002028465270996,0.804821252822876,0.8362886175671612
2230,0.05220150575041771,1.0,0.7951318025588989,0.8005250692367554,0.48871440944698613
2231,0.04496949911117554,1.0,0.7931034564971924,0.8010621070861816,0.871222048342992
2232,0.05984983220696449,1.0,0.7936105132102966,0.799152672290802,0.63670732916026
2233,0.03865760192275047,1.0,0.795638918876648,0.7983173131942749,0.3529929441442532
2234,0.03334289789199829,1.0,0.7910750508308411,0.793842077255249,0.595474516115853
2235,0.0240136981010437,1.0,0.7849898338317871,0.7916343212127686,0.2759930504808499
2236,0.039895690977573395,1.0,0.7814401388168335,0.7910972833633423,0.5697826932806406
2237,0.046175796538591385,1.0,0.7804259657859802,0.7887701988220215,0.6135943256344376
2238,0.03709915280342102,1.0,0.7870182394981384,0.792231023311615,0.8893994076854519
2239,0.04775001108646393,1.0,0.7931034564971924,0.7962885499000549,0.6202767606549527
2240,0.05830007791519165,1.0,0.7915821075439453,0.7974819540977478,0.6094491887834028
2241,0.028894122689962387,1.0,0.7925963401794434,0.799152672290802,0.4059749089785669
2242,0.04949422925710678,1.0,0.7920892238616943,0.7988543510437012,0.6905308569647197
2243,0.04711151868104935,1.0,0.7910750508308411,0.797123908996582,0.9577255310650341
2244,0.03473655506968498,1.0,0.7910750508308411,0.7958111763000488,0.5843187748566806
2245,0.04088839888572693,1.0,0.7915821075439453,0.7930663824081421,0.31554220592128535
2246,0.05217210575938225,1.0,0.7925963401794434,0.7908586263656616,0.37623137064229784
2247,0.04976670444011688,1.0,0.7925963401794434,0.7890088558197021,0.4587418307096715
2248,0.04249102622270584,1.0,0.7915821075439453,0.7897845506668091,0.5947830362537868
2249,0.05379442125558853,1.0,0.7895537614822388,0.7919327020645142,0.6347257369624995
2250,0.040465570986270905,1.0,0.7895537614822388,0.7933647632598877,0.4426385126793029
2251,0.045814596116542816,1.0,0.790567934513092,0.7948564887046814,0.7193384652799115
2252,0.03153473883867264,1.0,0.7920892238616943,0.7953935265541077,0.18342085236576505
2253,0.025865867733955383,1.0,0.7946247458457947,0.7966465353965759,0.2448664424525722
2254,0.057004716247320175,1.0,0.7991886138916016,0.7998090386390686,0.5797767569855075
2255,0.04772387444972992,1.0,0.7971602082252502,0.7980785965919495,0.7921476026187093
2256,0.06628493964672089,1.0,0.7981744408607483,0.7972432374954224,0.6169893263767835
2257,0.04559286683797836,1.0,0.8012170195579529,0.7962288856506348,0.6600456091360662
2258,0.05231199041008949,1.0,0.8012170195579529,0.7956321835517883,0.6186697039707861
2259,0.049358200281858444,1.0,0.8022311925888062,0.7955725193023682,0.9044340856987526
2260,0.06284861266613007,1.0,0.8017241358757019,0.7953338027000427,1.0353924937014967
2261,0.037977010011672974,1.0,0.7981744408607483,0.7919923663139343,0.5648258748911629
2262,0.0698520615696907,1.0,0.7976673245429993,0.794259786605835,0.7160651450633626
2263,0.06042790040373802,1.0,0.7981744408607483,0.7972432374954224,0.8363430174282425
2264,0.039806436747312546,1.0,0.796146035194397,0.7949161529541016,1.2455379139353102
2265,0.06394951790571213,1.0,0.7936105132102966,0.7970045804977417,0.7077717963279883
2266,0.06639744341373444,1.0,0.7946247458457947,0.7959901690483093,0.5463483667022359
2267,0.06952081620693207,1.0,0.7885395288467407,0.7936630845069885,1.1470242390230851
2268,0.058675605803728104,1.0,0.7936105132102966,0.7959901690483093,0.547694939080748
2269,0.06330297142267227,1.0,0.7920892238616943,0.8005847334861755,0.744174716724118
2270,0.051934633404016495,1.0,0.7880324125289917,0.7976609468460083,0.5037685294935488
2271,0.06067708134651184,1.0,0.790060818195343,0.7970045804977417,0.7037348672138526
2272,0.06012769043445587,0.998985767364502,0.7890466451644897,0.7943791151046753,0.6836616508041911
2273,0.03883982449769974,1.0,0.7844827175140381,0.7880541682243347,0.49446556979578155
2274,0.05055142566561699,1.0,0.7829614281654358,0.7844143509864807,0.4330246634915232
2275,0.06233172491192818,1.0,0.7804259657859802,0.792589008808136,0.8315888237705101
2276,0.06345615535974503,1.0,0.7824543714523315,0.7956321835517883,0.8862108459632695
2277,0.051457278430461884,1.0,0.7834685444831848,0.7983769774436951,0.41847230738472013
2278,0.052777860313653946,1.0,0.7849898338317871,0.7992720007896423,0.6561040026881862
2279,0.031161868944764137,1.0,0.7849898338317871,0.7999880313873291,0.4444224877074464
2280,0.03886174410581589,1.0,0.7860040664672852,0.7978399395942688,0.7255043040597737
2281,0.06168719753623009,1.0,0.7890466451644897,0.7985559701919556,0.4568494045804624
2282,0.039758630096912384,1.0,0.7885395288467407,0.8025538325309753,0.35800952001901365
2283,0.05578240379691124,1.0,0.7931034564971924,0.8067306876182556,0.5789772736790181
2284,0.04428459703922272,1.0,0.790060818195343,0.8042245507240295,0.6491186700735126
2285,0.059606555849313736,1.0,0.7854969501495361,0.8006443977355957,1.0365447966178645
2286,0.041727807372808456,1.0,0.7814401388168335,0.7878751754760742,0.6252222473761043
2287,0.03585997223854065,1.0,0.7783975601196289,0.7833402752876282,0.7749552781610373
2288,0.06524670869112015,1.0,0.7809330224990845,0.7857270240783691,0.5973986878086337
2289,0.04499432444572449,1.0,0.7814401388168335,0.7914553284645081,0.5542220566754289
2290,0.06566311419010162,1.0,0.7854969501495361,0.7927083969116211,0.8151252058548223
2291,0.06948980689048767,1.0,0.7778904438018799,0.7940211296081543,0.8804828756358141
2292,0.04959495738148689,1.0,0.7854969501495361,0.7986156344413757,0.8859476086256342
2293,0.03840257227420807,1.0,0.7829614281654358,0.7978399395942688,0.41177923667388344
2294,0.0454837828874588,1.0,0.7885395288467407,0.7940211296081543,0.5143744644012853
2295,0.06745900213718414,1.0,0.7854969501495361,0.7910972833633423,0.6514762996609396
2296,0.062459297478199005,1.0,0.7870182394981384,0.7987349629402161,1.0336355411880598
2297,0.05114845559000969,1.0,0.7890466451644897,0.8006443977355957,0.495293187752166
2298,0.05283540114760399,1.0,0.7925963401794434,0.8015394806861877,0.5213279300050273
2299,0.061515774577856064,1.0,0.7875253558158875,0.8029118776321411,0.8942137016026993
2300,0.039088986814022064,1.0,0.7844827175140381,0.7903812527656555,0.44922304644988725
2301,0.041189439594745636,1.0,0.7829614281654358,0.794259786605835,0.46887560059029804
2302,0.050415437668561935,1.0,0.7849898338317871,0.7928873896598816,0.621973476749648
2303,0.06123783439397812,1.0,0.7910750508308411,0.7973625659942627,1.6216818819046572
2304,0.0356142595410347,1.0,0.7895537614822388,0.7948564887046814,0.46636353999481195
2305,0.038519762456417084,0.998985767364502,0.7844827175140381,0.7924696803092957,0.4721041719988371
2306,0.04068358987569809,0.998985767364502,0.790060818195343,0.7924100160598755,0.41350829135193184
2307,0.08038006722927094,1.0,0.7910750508308411,0.788949191570282,0.9666779084971101
2308,0.054794780910015106,1.0,0.7936105132102966,0.7861447334289551,1.0685637584988428
2309,0.05791082978248596,1.0,0.7915821075439453,0.7833999395370483,0.4173582128256051
2310,0.05455293506383896,1.0,0.7885395288467407,0.7839369773864746,0.8741291065928761
2311,0.053242027759552,1.0,0.790060818195343,0.7860254049301147,0.6461127351170606
2312,0.05072178319096565,1.0,0.7996957302093506,0.7904409170150757,0.8062517672913027
2313,0.05424293130636215,1.0,0.7976673245429993,0.7925293445587158,0.5885569664108811
2314,0.07024965435266495,1.0,0.8022311925888062,0.7963482141494751,1.3792121349634459
2315,0.06655619293451309,1.0,0.796146035194397,0.7944984436035156,1.5068289990620365
2316,0.0420708954334259,1.0,0.790567934513092,0.7901425957679749,0.35765090130577804
2317,0.0603935532271862,1.0,0.7890466451644897,0.7905005812644958,0.6584052945397288
2318,0.06504061818122864,1.0,0.7890466451644897,0.7928277254104614,0.7864370392230032
2319,0.054041437804698944,1.0,0.7936105132102966,0.7951548099517822,0.4874634181324274
2320,0.0855107307434082,1.0,0.795638918876648,0.8014200925827026,1.1074175611777044
2321,0.04970564320683479,1.0,0.7931034564971924,0.8026134967803955,1.047151344447098
2322,0.08001668751239777,1.0,0.7885395288467407,0.7976012825965881,1.217556896290061
2323,0.048139993101358414,1.0,0.7839756608009338,0.7931857109069824,0.6207013044057615
2324,0.06830116361379623,1.0,0.7809330224990845,0.790977954864502,0.3544018821444708
2325,0.06785095483064651,1.0,0.7824543714523315,0.7926487326622009,0.6908737969311213
2326,0.05381808057427406,1.0,0.7890466451644897,0.7994509935379028,0.9710075622775846
2327,0.04498930275440216,1.0,0.7885395288467407,0.8000476956367493,0.4749230165570261
2328,0.0618862546980381,1.0,0.7920892238616943,0.7997493743896484,0.7399654760502178
2329,0.04309790953993797,1.0,0.7981744408607483,0.8016588091850281,0.6537455695034277
2330,0.04746771603822708,1.0,0.7996957302093506,0.8022555112838745,0.4430941416569734
2331,0.06523426622152328,1.0,0.7991886138916016,0.8035085201263428,0.9180060822772357
2332,0.0562075637280941,1.0,0.7991886138916016,0.8016588091850281,0.6302454190143754
2333,0.05374005809426308,1.0,0.7941176295280457,0.8011217713356018,0.7025338394624365
2334,0.05691675841808319,1.0,0.795638918876648,0.794259786605835,0.6823430927083541
2335,0.04237787798047066,1.0,0.7936105132102966,0.7897845506668091,0.6008031649624805
2336,0.038465797901153564,1.0,0.7880324125289917,0.7872784733772278,0.46388144488936467
2337,0.0560525581240654,1.0,0.7885395288467407,0.7856076955795288,0.7079523565662609
2338,0.03545719012618065,1.0,0.7860040664672852,0.7887701988220215,0.4567852375631156
2339,0.05002102628350258,1.0,0.7885395288467407,0.7900829315185547,1.040404305555666
2340,0.05898045003414154,1.0,0.7839756608009338,0.7939614057540894,0.9269434858668874
2341,0.04347318783402443,1.0,0.7875253558158875,0.7920520305633545,0.36754536128307613
2342,0.04318132624030113,1.0,0.7839756608009338,0.7893072366714478,0.8294919458207918
2343,0.0576728954911232,1.0,0.7799188494682312,0.7887105345726013,0.4979368280660963
2344,0.062026459723711014,1.0,0.7834685444831848,0.7920520305633545,1.0827218277557658
2345,0.04128047078847885,1.0,0.7783975601196289,0.7901425957679749,0.39850556756758915
2346,0.06116342544555664,1.0,0.7778904438018799,0.7850109934806824,0.5179650962280071
2347,0.06180865317583084,1.0,0.7794117331504822,0.7875171303749084,1.210577698561318
2348,0.03832414373755455,1.0,0.772312343120575,0.7806551456451416,0.7423148758861663
2349,0.04092375561594963,1.0,0.7748478651046753,0.7780893445014954,1.2091478781606295
2350,0.07010360062122345,1.0,0.7809330224990845,0.7815501689910889,0.7194511108682289
2351,0.06868570297956467,1.0,0.7839756608009338,0.7973625659942627,0.9010417551333346
2352,0.06263695657253265,1.0,0.7865111231803894,0.8053582906723022,0.795438494371527
2353,0.056540969759225845,1.0,0.7941176295280457,0.8084014654159546,0.8189028573359698
2354,0.05912959575653076,1.0,0.7931034564971924,0.8063727021217346,0.6471747013838481
2355,0.048829272389411926,1.0,0.7890466451644897,0.7992720007896423,0.45562597249072784
2356,0.057034771889448166,1.0,0.7839756608009338,0.7956918478012085,0.475023691917538
2357,0.08870210498571396,1.0,0.7936105132102966,0.7970045804977417,0.8355598837817381
2358,0.06272011995315552,1.0,0.7890466451644897,0.7966465353965759,0.649228724083432
2359,0.06917475908994675,1.0,0.7849898338317871,0.7968852519989014,0.8313941318893767
2360,0.05317789316177368,1.0,0.7910750508308411,0.7968852519989014,0.6639511809896196
2361,0.05165525898337364,1.0,0.7865111231803894,0.794259786605835,0.40721875332776997
2362,0.039991360157728195,1.0,0.7814401388168335,0.7896652221679688,0.3792153645888337
2363,0.07742082327604294,1.0,0.7834685444831848,0.7895458936691284,0.5763545838954247
2364,0.05796872079372406,1.0,0.7849898338317871,0.7924100160598755,0.7322820488928967
2365,0.039928264915943146,1.0,0.7890466451644897,0.7953338027000427,0.3210744412989692
2366,0.06652696430683136,1.0,0.7870182394981384,0.7956321835517883,0.7685032358857535
2367,0.04291543737053871,1.0,0.7925963401794434,0.7930663824081421,0.38513851676676447
2368,0.048062514513731,1.0,0.7849898338317871,0.7922906875610352,0.5268819001023067
2369,0.032128337770700455,1.0,0.7789046764373779,0.7893669009208679,0.3764391538972812
2370,0.04512260481715202,1.0,0.7758620381355286,0.7881138324737549,0.6557277061308138
2371,0.05876864492893219,1.0,0.7819472551345825,0.7888895273208618,0.5455014463704151
2372,0.03278021514415741,1.0,0.7819472551345825,0.7916343212127686,0.7202055704602806
2373,0.03333035856485367,1.0,0.7875253558158875,0.7942001223564148,0.44971250757806647
2374,0.030512822791934013,1.0,0.7875253558158875,0.7960498929023743,0.29186447903938934
2375,0.030968545004725456,1.0,0.7890466451644897,0.7963482141494751,0.4127331959743354
2376,0.05190169811248779,1.0,0.7880324125289917,0.7977206110954285,0.5705307999048032
2377,0.03696712478995323,1.0,0.7885395288467407,0.7998687028884888,0.3561613091301908
2378,0.038816891610622406,1.0,0.7870182394981384,0.8031505346298218,0.48741600522188516
2379,0.03841976448893547,1.0,0.7931034564971924,0.804045557975769,0.47636419308819483
2380,0.036200616508722305,1.0,0.7925963401794434,0.8055969476699829,0.3521745484571962
2381,0.0645790696144104,1.0,0.796146035194397,0.8079240918159485,0.4139226926280177
2382,0.031612809747457504,1.0,0.7991886138916016,0.8091771602630615,0.3355525225484561
2383,0.04821407422423363,1.0,0.7981744408607483,0.8087594509124756,0.5270344635702907
2384,0.04215647652745247,1.0,0.7976673245429993,0.8078047633171082,0.781541738105345
2385,0.04488806053996086,1.0,0.7971602082252502,0.8081627488136292,0.6549668453848286
2386,0.051498785614967346,1.0,0.7971602082252502,0.808103084564209,0.7292479714016997
2387,0.04887264966964722,1.0,0.796146035194397,0.8085207939147949,1.0260054236887393
2388,0.036573171615600586,1.0,0.7880324125289917,0.7977206110954285,1.00191560046843
2389,0.030889922752976418,1.0,0.7834685444831848,0.7894862294197083,0.6115853215856492
2390,0.04726100713014603,1.0,0.7865111231803894,0.7894265651702881,0.5180203228790341
2391,0.06942662596702576,1.0,0.7976673245429993,0.7961692214012146,0.5532556658154802
2392,0.05976725369691849,1.0,0.7971602082252502,0.8014200925827026,0.8498766898370003
2393,0.042817674577236176,1.0,0.7991886138916016,0.8017184734344482,0.39106808820739997
2394,0.051535699516534805,1.0,0.790060818195343,0.8001670837402344,0.3208967427478262
2395,0.04063301533460617,1.0,0.7931034564971924,0.795870840549469,0.35097386144248066
2396,0.046645402908325195,1.0,0.7920892238616943,0.7946774959564209,0.7767754890781552
2397,0.03785005956888199,1.0,0.7839756608009338,0.7946774959564209,0.3749783021513742
2398,0.03888862580060959,1.0,0.7885395288467407,0.7976609468460083,0.3192829396172951
2399,0.05285605788230896,1.0,0.7931034564971924,0.798794686794281,0.4983774218872546
2400,0.05472494289278984,1.0,0.7931034564971924,0.7983173131942749,0.5656853192309528
